2.097e-15
1.0389090898677685e-15
7.6e-19
2.49e-15
4.4632e-15
7.1940970896673425e-16
1e-16
8.035708011582396e-16
4.279156159455215e-16
7.70397323650844e-17
8.364758814356194e-15
7.092e-15
4.859e-15
1.2e-16
7.836990207406537e-17
4.425913626891812e-16
1.7e-15
1.2992016095116276e-15
1.9375425617995258e-13
1.1965618242943554e-15
1.3919045409298774e-14
2.9e-16
6.621170802410834e-16
3.1289133095648354e-17
3.81e-16
1.5531983469832833e-15
5.7e-17
3.4707843432401247e-15
4.765935990296714e-16
1.5438007601297895e-15
2.7546031097621417e-16
1.319435806136959e-15
1.1633759104673982e-15
1.4834695224561473e-16
3.371e-15
1.026489270523791e-16
5.753107046225423e-15
1.8612e-19
1.02119e-14
3.67e-14
2.1e-16
5.3e-16
5.582339283546806e-15
2.309e-14
7.931342983287881e-18
2.06e-16
2.0420312409600508e-15
6.968e-16
3.0092355386766885e-17
1.7727e-14
5.754503397724147e-16
1.5473488631869724e-14
5.354e-15
2.8024e-16
4.2505e-13
1.15e-14
5.777130229583847e-16
4.789090844006097e-13
8.2e-16
3.94e-15
5.96e-15
7.3e-20
2.78e-15
1.3020976537445312e-15
1.351042e-14
3.997e-15
8.837e-17
1.698e-15
5.479e-16
3.7481e-15
7.12286869575224e-15
3.61723100047078e-15
1.0467413423446194e-13
1.0970874193967904e-14
3.82e-15
3.1722e-15
7.360887738912894e-16
6.421e-15
1.525e-16
2.67e-17
3.191e-17
9.15201e-15
3.8040397844533193e-19
1.26e-16
4e-16
9.263966786371277e-17
2.9311e-13
1.1328790555843179e-13
1.8957130505798164e-14
5.704474964456162e-15
1.5189e-13
5.468833946777706e-15
1.75992816585624e-18
8.922818185990698e-16
2.6968159536958472e-14
1.3750404038246216e-15
1.6821118948998273e-14
2.186860780502591e-15
1.666e-14
6.781764478211989e-16
9.77e-16
1.096444537039532e-16
1.6188896856032737e-15
1.1610965725914567e-15
4.21e-15
3.78e-16
4.01e-16
1.39e-16
5.8e-16
7.534e-16
2.1051775920558595e-15
2.4425732293258675e-15
1.2169e-14
1.975472103990403e-17
9.962878563967333e-16
9.778439691300547e-15
1.2500779277088453e-13
1.32e-15
3.5384783023068444e-15
3.9e-17
1.6378223955127904e-15
9.559620236584407e-15
1.7238e-16
1.6044302477393002e-15
7.908e-16
3.1220785594346876e-16
6.32094840007201e-15
1.6796115625866611e-15
2.094617438082062e-14
8.749379328885684e-14
1.07e-16
1.876906059089768e-15
4.61409725868922e-16
1.49e-16
2.4862984811150306e-14
5.22e-16
1.83495713274778e-15
6.694999796226155e-16
1.5102465587641555e-14
3.272862330338572e-16
3.59e-15
1e-17
3.53323666080933e-14
4.922525990333215e-15
3.0532995941534045e-16
3.362e-15
2.5e-16
8.372319240486655e-15
2.69e-16
4.65273047158886e-15
3.286829864774247e-14
1.1379e-15
2.2677999349268745e-14
3.960512892058614e-14
4.5255970665960474e-17
4.8291e-15
6.37e-16
5.8e-16
3.525389220700989e-15
8.472914523066185e-17
9.595e-16
5.1582225920961795e-14
8.604146449968131e-16
5.986900093846146e-14
2.071221854057316e-15
5.73e-16
8.809495481970016e-16
1.9267243706730166e-15
1.7421937043873134e-15
4.047e-14
1.61e-14
1.7891345391548855e-14
2.304572587766442e-16
3.504e-16
1.6510330043003456e-15
1.362e-15
6.7e-20
1.2512e-15
9.448498269216091e-16
1.242e-16
6.100601228174452e-17
1.68714e-15
9.612174612032114e-14
1.219375e-14
3.8746683829501317e-16
7.08e-16
2.0336e-14
6.299011836571966e-20
2.248e-16
5.838698469538374e-15
1.3291253059679704e-15
4.306496271491783e-15
1.96673e-15
2.5e-15
9.009103777467467e-18
3.4e-16
2.8215157199672798e-15
3.47125512758808e-17
9.85e-16
7.9536e-15
3.67e-15
6.54e-17
2.75002e-15
3.2938422408066027e-15
4.5968e-16
7.768e-16
8.226625344891514e-15
1.75e-15
1.9602e-15
4.653241852440875e-16
4.307370965352239e-15
6.953e-16
4.85e-16
1.7883950046299597e-15
1.1101682111848684e-14
1.281395807588639e-15
6.685e-15
5.59e-16
1.43e-19
2.4e-17
2.817e-15
2.1302273968653034e-15
2.1708e-16
1.5598807217087706e-15
7.253216047807644e-16
4.30854133782938e-16
5.34e-17
1.15e-16
1.5e-16
4.953284801026633e-15
2.0634e-15
2.88e-16
7.05e-15
3.8e-17
1.4e-17
8.66e-16
1.556e-16
2.19e-15
1.1882881242259736e-14
1.739e-15
1.4830312915430294e-15
9.998e-16
3.651e-16
2.09963e-15
6.24e-16
3.627004830929586e-16
8.551092961438102e-16
5.6433e-14
2.2787477438202114e-15
5.259e-16
1.5085916644482086e-16
1.466027392278917e-16
5.704866861067258e-15
6.832238748941698e-16
1.256e-14
1.9e-18
9.245768712932753e-15
3.014e-15
6.1e-16
5.1e-16
5.602650147575634e-16
5.4e-19
2.1596e-17
3.306e-16
3.031419490244267e-16
5.3e-19
5.0512e-15
3.5e-17
7.575131097212345e-16
2.8119130477608848e-15
7.235e-16
3.6018428120255756e-13
1.682544006905773e-14
5.413e-15
1.204e-15
6.810853855809365e-16
8.4e-16
6.74e-18
7.4343e-15
6.39e-15
1.2e-16
8.892e-16
2.3218379949850945e-16
6.751075980283016e-20
1.4513e-15
7.804227851500183e-16
2.2e-17
6.212e-16
2.086574115533101e-15
4.69408e-14
2.777515184655194e-15
5.924e-15
2.96e-17
1.5479348659691332e-15
1.417705344684432e-19
1.1208306355134782e-15
3.6e-16
3.38e-16
8.228366971852948e-15
2.74415605271822e-15
8.169331316731601e-19
9.894565256557099e-17
5.297204466186108e-15
3.66e-15
2.391e-16
1.7199193275825137e-16
1.8285567677725302e-15
3.1450166989597787e-19
1.4e-16
5.529e-15
6.37e-15
1.5843502801791992e-15
1.1519066243144444e-15
9.166328453483746e-15
6.1e-16
4.847357799833817e-16
8.5284e-15
9.261012405851074e-16
1.6e-18
2.878599206456161e-15
2.155e-16
2.098e-15
4.179e-16
2.37e-16
4.06e-17
3.3e-15
2.0567884196783305e-15
9.533658867726838e-16
3.895005e-14
8.96e-18
1.9061230323075623e-14
2.49e-19
3.955e-16
4.1e-15
4.679845600333702e-15
9.63e-17
1.3793888716940061e-14
6.5e-17
1.8e-16
1.4288019278907762e-15
1.5429e-15
4.0705e-15
4.05e-17
2.716e-15
7.9e-16
1.9112569213394535e-15
1.932e-15
4.172e-15
6.889090546017426e-15
1.4243388037981537e-15
7.3118e-15
4.549818803128422e-15
4.2e-17
1.267e-15
4.84784360617639e-15
2.016e-16
4.024772277630897e-15
5.887022444524372e-16
1.1366338909207996e-15
6.025313834650606e-17
2.938e-15
2.5550760319854956e-17
8e-19
4.047e-15
1.4107756181893485e-14
4.7e-17
1.88e-16
2.28e-17
2.29442e-15
2.054e-15
6.937016984211578e-16
6.223192217419479e-17
3.3012e-16
1.864056536757215e-13
1.01916e-15
2.1291381408435345e-15
8.873024026145519e-16
6.234733691522089e-14
6.941485312611497e-14
1.5938213256320457e-15
3.0093936944493805e-15
1.2425e-16
4.96e-14
2.648479314569412e-17
4.96066702999811e-15
1.01874904713408e-15
8.4e-17
2.5593112410762244e-16
2.49e-17
5.09e-16
5.009292278980781e-16
2.298370021803987e-16
5.170427501072992e-15
2.011294832544599e-18
3.727e-17
1.5736e-15
9.347e-16
6.338185999101329e-16
9.2e-16
1.5851e-16
1.5843676006107032e-15
1.9993e-15
4.6592e-14
1.8129e-14
1.9926e-15
6.739332340847649e-17
2.57e-15
5.0514252122364406e-15
5.882027669882838e-20
1.9556e-15
2.580711066826483e-15
4.20875710664478e-14
2.545211006209589e-16
7.991726518244484e-16
4.43e-16
7.664e-16
7.38e-16
8e-18
7e-15
4.438e-16
1.5704657916250918e-15
1.096e-15
6.6e-17
1.07e-15
4.1e-17
2.32e-16
1.368e-15
4.058e-15
3.190943133673769e-15
2.65e-15
4.11e-17
1.0026969923934989e-14
1.7016570186007127e-15
3.53059e-15
4.29e-16
1.698e-15
3.202744259970466e-15
3.0371013685126443e-15
1.8106829402432527e-15
2.1156335597848616e-15
1.363e-15
1.758e-17
3.158764992029107e-15
1.675924969480732e-16
3.66e-17
3.856261194774632e-15
6.176995589876999e-16
7.52032436047315e-16
4.712825824808824e-15
5.596e-17
1.730999646343866e-15
6.598285848831395e-16
5.07333278943008e-15
5.2e-17
9.1e-16
4.137876769063491e-15
1.0755999474053686e-15
7.12e-17
6e-17
2.9213e-16
4.2071252849379035e-15
1.88e-15
6.309849341165241e-15
9.29845354722522e-14
2e-17
1.1024611014242304e-15
2.666325917756933e-17
1.553624925761735e-14
1.2793e-15
5.88e-17
9.2e-17
1.957e-16
2.1861e-15
7.4e-16
5.797970945975383e-15
5.93e-16
7.459988705904279e-16
1.6240349464780127e-15
1.283e-16
6.451987540894195e-16
1.0862878420713136e-14
9e-16
3.5132199246129335e-15
4.296e-16
1.9933574344096857e-15
1.0699815707045482e-15
2.4632e-19
1.72e-19
1.6362613497557028e-13
1.817971536730846e-16
2.8048284369375814e-14
1.2838e-14
4.2703259857297596e-17
1.504459212394844e-14
4e-16
4.2100233424818145e-16
1.050518929748719e-15
6.32e-16
1.214734592783413e-15
3.4278402486025886e-15
1.57e-15
6.1214e-15
8.559236859229056e-15
3.15311761318395e-15
7.949113632842117e-16
1.564e-16
8.17e-17
2.4e-16
7.874900455173405e-15
1.139514460055114e-14
1.9857432402593478e-17
2.14651e-14
4.661238264775695e-13
2.274705926805841e-15
1.626e-14
1.6982995199753362e-14
1.4751440939747655e-16
1.7121973639236076e-15
3.38e-17
1.556169671864698e-15
4.775158289605336e-16
1.2078092235653096e-13
7.834e-16
2.3767e-15
8.327e-16
2.1223871965398062e-14
1.55e-18
1.9e-16
6.31e-16
1.0671806178087669e-14
2.426e-15
4.919e-15
4.3e-16
6.132328920000425e-14
1.21269200518436e-15
5.9e-16
1.496e-16
2.12e-15
3.81e-17
1.2978694037138041e-15
8.129129679324159e-15
2.021292203222358e-18
9.7e-19
4.428e-15
5.711605003013965e-16
7.815684511095766e-16
7.809e-16
6.858972683045132e-16
1.3724050699255263e-17
5.131291682816033e-16
1.0175019295572828e-18
1.5039e-15
1.300480219624596e-14
9.405418922557285e-17
2.43e-19
1.574e-14
1.0853555606121518e-14
4.6284662208255594e-15
3.773397432885536e-15
4.393177121012676e-16
1.1537e-14
3.2923038275200986e-15
3.974187618735227e-16
2.109e-15
2.649e-15
1.7112789328727865e-17
3.372e-16
9.69e-16
4.74e-16
5.725e-17
1.4087661839457695e-15
1.294e-16
2.87992979189001e-17
1.2401973304909892e-15
6.581808284271415e-14
7.0494e-15
2.29e-15
2.5530156312224015e-14
2.8280991408290768e-12
1.2e-16
3.857392371560049e-16
1.608e-15
2.9721579144598036e-16
2.254e-15
3.599626794428225e-15
3.156e-16
6.602e-16
2.1e-17
8.84e-16
2.923723250507662e-16
6.480320628358738e-15
6.650271595200729e-17
1.93e-18
2.0229828931641127e-15
5.802e-16
3.592e-16
5.973069289386646e-16
5.626794892130832e-13
9.322658778693169e-16
2.9e-20
3.721288766768143e-17
2.53e-15
2.346e-15
7.981860039208002e-16
1.9e-17
1.35e-16
1.354391839589584e-15
4.5864e-16
1.1314735272190809e-15
2.9270372720053673e-15
3.9065301230337184e-15
2.82e-17
3.007013634016838e-16
1.7397473445254286e-15
4.4016e-16
5.2355397950568706e-14
1.9e-15
8.7841e-15
1.7456916067834823e-15
7.286e-16
5.248959409390203e-16
5.25e-20
2.106e-15
5.992373020056321e-14
1.5524811215622187e-15
2.020149962455173e-13
2.7e-16
4.485906104748224e-16
4.69e-17
1.931184009194606e-15
4.3214296730584214e-17
5.918664035011737e-15
2.0589181489609764e-14
1.0365823522274747e-15
3.766797146472513e-17
6.2e-15
1.684509342524256e-15
5.495e-15
2.027806214290665e-17
4e-17
4.76e-15
1.3167911464729288e-16
4.9472816491248195e-15
8.294337441452077e-15
6.353757525703233e-15
8.172775352608317e-18
5.787154984520312e-14
1.6e-16
2.9590500954284363e-14
8.114993156901002e-16
2.29e-16
5.081480151634165e-16
2.193660943249228e-14
1.94e-16
1.04e-15
7.773522329484558e-15
3.914537647346196e-15
5.456968600898876e-16
9.722941230732867e-15
1.1226070662550702e-14
5.187e-15
6.06e-15
5.169112171261813e-14
5.9e-18
2.721e-16
1.6099487773575383e-15
5.251821504836691e-15
1.4338404766227352e-15
4.405e-16
1.40891391548983e-17
2.3281954122078413e-14
2.1586448805856962e-14
1.137e-16
2.2030180651230837e-14
5.3889318331599386e-14
4.6239822928783916e-14
1.0890177430888274e-15
1.462821836754596e-14
8.770626548557758e-17
2.1385552571152616e-14
6.124815887967964e-16
1.548e-15
1.45125e-13
1.2e-15
4.161184883535995e-15
4.52e-15
2.4e-16
2.0835976559733968e-13
2.6283e-15
1.6974692233457108e-15
5.4585079743624065e-17
1.055e-14
5.06e-15
3.9255e-15
5.0504503460255917e-17
1.4214276210638607e-16
3.048959161480971e-14
2.263e-16
2.045336672279789e-16
1.86e-15
4.560848269012361e-16
1.7997908318252973e-17
1.31e-16
2.291646795396197e-15
1.6382851271131851e-15
8.23e-16
1.2875166824465232e-14
2.1e-16
1.9991775264757287e-15
7.53681e-15
3.689915555130667e-14
4.45e-16
6.791267539206072e-16
3.380714879991255e-15
1.33e-15
4e-18
1.1e-19
2.76e-16
8.89803812587126e-16
7.423590716893973e-16
3.19e-15
2.0698e-14
5.2152e-15
8.682080118919104e-14
5.5446e-15
3.084e-15
8.2459e-16
3.7e-15
1.7e-17
3.2239e-15
7.25e-17
2.19e-16
9.7e-17
6.122e-15
1.77719071452549e-16
5.960802096191427e-16
1.31e-17
1.5762e-14
1.0177511379890627e-14
2.78904e-13
2.829e-15
1.7616711276159595e-14
4.32e-16
3.3676777088926408e-15
8.677606402307249e-15
8.035317219212046e-16
1.3792e-15
3.3214805255693737e-17
6.555e-16
2.989788979512357e-16
3.306e-15
1.39e-16
8.618315947564403e-18
1.2441e-15
1.74935e-14
2.1236436690054387e-13
2.543e-15
8.653e-16
5.89e-16
1.705e-15
5.458658592142009e-16
1.559901299381199e-16
3.928e-16
5.363290345382534e-15
9.576e-15
2.2345e-14
5e-17
6.024514600049442e-16
4.3e-17
6.802223448980767e-17
3.75e-16
3.353e-17
1.7994373386275416e-14
3.9134943224874306e-16
3.644e-14
2.243e-15
7.71e-16
2.1e-16
1.31907e-14
2.7983014246239223e-15
3.660106226874996e-15
2.1386e-15
6.097e-16
1.8001e-17
5.0148e-15
2.9252006238019684e-17
4.587967972001213e-16
4.3221459808140224e-19
2.8626132959245784e-16
2.183e-16
3.182e-16
4.9e-20
2.68e-18
9.478145067340666e-16
6.07579e-14
4.039e-15
4.93744e-14
3.481087321833442e-15
4.24423e-14
3.2275e-15
1.947135131839658e-20
1.8271469524167266e-14
5.2e-18
1.8789930397060618e-15
1.913e-16
9.962e-16
1.238734843933518e-15
9.561486027005336e-16
1.01e-16
7.142445990687434e-17
1.2338776538639804e-17
1.6556861112105053e-15
7.3e-16
9.86192325107789e-16
3.7787276697442586e-15
8.89e-16
2.197e-14
1.9866e-15
1.4883397368863481e-15
4.78e-16
5.226e-16
1.357843e-14
1.231e-16
3.270565014556545e-15
3.031e-15
3.0124489204568794e-14
2.865e-15
1.773e-15
2.14126e-15
1.735e-15
1.05616e-15
1.2587e-15
6.5998e-15
2.199e-16
3.109887224617566e-15
1.1211352611695015e-16
2.25e-16
1.0513888043173289e-13
1.7387830852070605e-15
5.67e-17
2.4872e-14
4.601280764379578e-17
9.610954559810416e-19
1.5604e-14
5.475e-16
1.5194e-16
6.007e-16
5.1e-16
2.028e-16
1.13062721074195e-14
4.55e-16
4.50236219118859e-15
9.441758374750034e-16
4.161660186100198e-15
5.884721950169239e-19
4.1757202337721434e-15
1.516e-17
1.0958164098371598e-14
5.039207510096137e-16
1.9760886964796737e-16
5.2189670466736664e-15
3.503e-15
3.24e-15
6.9916453672876e-15
1.735590742615281e-19
2.26e-16
8.542141510024936e-17
1.6e-17
8.689684580607148e-17
4.96e-16
7.08e-16
6.13e-16
1.2408867739201842e-15
4.23e-15
1.3057650189350125e-19
3.97e-16
6.9048e-14
6.466966912960631e-16
6.700920802898644e-16
1.125e-16
1.3093831323713311e-14
8.7e-18
7.564408297282562e-17
1.8472845550311224e-15
2.5813779575179617e-15
1.0286570542057492e-15
4.630379434658791e-15
1.1761e-15
1.9728973066505617e-18
1.3630531157485296e-15
3.78e-15