0.99989173
0.99989107
0.99989741
1.00030128
0.99990108
0.99990153
0.99990199
0.99988261
0.99992322
0.99990599
0.99989946
0.99990394
0.99992308
0.9999122
0.99989561
0.99989618
0.99990753
0.9999034
0.99989756
1.00031799
0.99991867
0.99989985
0.99989806
0.99991684
0.99988571
0.99989985
0.99989978
0.99990539
0.99991348
0.99989535
0.99989553
0.99990585
0.99990219
0.99989584
0.99991535
1.00031629
0.99991305
0.99991211
0.99991857
0.99990247
0.99991389
0.99990924
0.99990722
0.99991754
0.99991619
0.99991795
0.9999021
0.9998977
0.99988497
0.99991301
0.9999097
1.00030101
0.99990257
0.99990127
0.99988677
0.99990057
0.99988497
0.99989749
0.99990885
0.99989069
0.99990662
0.99990666
0.99991206
0.99990317
0.99990112
0.99990699
0.99992617
1.00031728
0.99990722
0.99990416
0.99990926
0.99991939
0.99989816
0.99991452
0.99991027
0.99991594
0.99990008
0.99989483
0.9999102
0.99990487
0.99988236
0.99988399
0.99991686
1.00030285
0.99989372
0.99988078
0.99992003
0.99989241
0.99990953
0.99990931
0.99990577
0.99991582
0.99989201
0.99991387
0.99991176
0.99989068
0.99990913
0.99990227
0.99989039
1.00029791
0.99990678
0.99990059
0.99989093
0.99989675
0.99991223
0.99989535
0.99988145
0.99990621
0.99991922
0.99992465
0.99991465
0.99990112
0.99988818
0.99989796
0.99988337
1.00032314
0.99990589
0.999913
0.99988602
0.9998893
0.99991579
0.99990494
0.99990785
0.99992355
0.99991151
0.99988757
0.99989408
0.99989994
0.99990395
0.99989112
0.99990029
1.00031889
0.99991923
0.99989792
0.99989327
0.99988761
0.9998925
0.999884
0.99989639
0.99990603
0.99991332
0.99990152
0.99991254
0.99991831
0.99989856
0.99989416
0.99989546
1.00032529
0.99991538
0.99989324
0.99990742
0.99989425
0.99990894
0.99991314
0.99990737
0.99991311
0.99991278
0.99988921
0.99993633
0.99990185
0.99991353
0.99988626
0.99989899
1.00030984
0.99990369
0.99990974
0.99990737
0.99991238
0.99991302
0.999911
0.99990162
0.99993055
0.99991589
0.99990487
0.99991962
0.9999011
0.99991494
0.99989959
0.99992098
1.00032337
0.99990866
0.99991756
0.99990685
0.99990002
0.99990956
0.99989978
0.99989194
0.99992324
0.99992641
0.99990068
0.99991317
0.99990281
0.99990158
0.99990311
0.99989858
1.00030863
0.9999173
0.99990435
0.99988569
0.9998948
0.99990826
0.99988639
0.99989225
0.99989873
0.99990772
0.9999272
0.99991009
0.99990676
0.99988139
0.99990695
0.99990546
1.00030482
0.99991982
0.99989982
0.99990964
0.99990345
0.99988503
0.99990932
0.99991876
0.99990534
0.99991535
0.99991141
0.9999101
0.99989057
0.99990351
0.9999065
0.99990335
1.00029269
0.99990136
0.99989773
0.99991405
0.99991504
0.99990622
0.99991029
0.99990145
0.99992868
0.99988823
0.99991617
0.99990684
0.99988893
0.99989685
0.99989525
0.99990934
1.0002983
0.99990847
0.99989017
0.99989826
0.99992306
0.99991491
0.99989514
0.99989551
0.99990363
0.99990713
0.99989598
0.99992133
0.99989868
0.9999099
0.99989964
0.99990411
1.00031246
0.99989514
0.99989903
0.99990106
0.99990769
0.99990811
0.99988739
0.99991748
0.9999159
0.99988204
0.99990749
0.99989611
0.99990544
0.9998757
0.99990741
0.99989712
1.00029331
0.9998978
0.99990312
0.99991449
0.99989919
0.9998902
0.99990641
0.99992739
0.9999115
0.99992381
0.99988622
0.99991685
0.99990623
0.99987655
0.99989261
0.99990112
1.00029953
0.99989246
0.99991233
0.99991108
0.99989514
0.99989974
0.99990188
0.99990265
0.99991253
0.99990186
0.99989813
0.99989843
0.9998996
0.99990726
0.99992521
0.99990151
1.00031089
0.99991164
0.99990942
0.99990559
0.99989657
0.99991144
0.99989715
0.99989434
0.99990839
0.99990957
0.99989812
0.9999167
0.99988429
0.99989877
0.99989847
0.99989828
1.00029911
0.99992336
0.99991079
0.9998991
0.99991895
0.99990949
0.99991152
0.99989615
0.99991922
0.99990506
0.99988023
0.99991813
0.9999082
0.99989648
0.99988718
0.99990279
1.00032317
0.99990853
0.99990141
0.99990106
0.99989739
0.99991373
0.9998965
0.9999036
0.99990627
0.99991186
0.99989699
0.99989933
0.99990265
0.99989527
0.99989133
0.99991378
1.00029613
0.99991071
0.99991713
0.99989116
0.99991468
0.99991346
0.99991602
0.99989778
0.99992185
0.99991366
0.99990926
0.99990425
0.99989618
0.99991377
0.99987847
0.99990285
1.00031419
0.99991684
0.99988084
0.99989966
0.99990201
0.99992128
0.99990436
0.99989279
0.99990879
0.99990266
0.99989782
0.99987273
0.99989222