0.007515078906166611
0.01361923201001512
0.9926486106471617
0.004070256464098166
-0.017677661343707244
-0.011326821331874022
-0.0015890303414378218
0.0003335762358683343
0.9752084129460455
0.004961725976195421
0.01318344753496732
0.005994726067175821
0.000304550892900608
-0.010970762131061912
-0.0015394344480322098
1.0000353759996328
0.0033013749134121534
-0.0068115389719878025
0.006908197102434005
-0.023610758412603065
-0.01312720446294517
-0.0026350468923342454
0.006261370246047701
1.0003217224549785
-0.006014243367718961
0.01032233046386205
7.653224348702298e-05
0.014336573962859237
0.0019548170448111853
0.0005074507322123169
0.009352355772228432
0.003937398254896869
0.9965300133417637
-0.009712634569195796
-0.009498254397984601
0.0004429420547054259
-0.0017957327106277274
0.0024951251310677113
0.011243612197739573
0.009205493946228122
-0.013037886261164394
0.014593163262883218
0.9991978322139876
0.01640630229479738
-0.006764255551203445
-0.0029942113217037995
-0.01719534253049479
-0.01737619192510113
-0.005723879792525335
-0.008121033542036258
-0.003450203120387462
0.001006674413892356
-0.010833601087280367
1.0135843864825147
0.0026058636984459655
-0.00836085485679141
-0.00732621224259259
-0.00045373530140924097
-0.0025023677606000605
-0.003691870069301747
-0.006556449973491944
-0.005770464212378736
0.007685599018059406
-0.0037807812686623614
0.0006068639606585197
1.0004649382810455
-0.010956241630118255
0.0033796317568177644
-0.012342658842218777
-0.0025680533927434925
0.009352983762962735
-0.017232308502241847
0.0004011191314135739
-0.0001532205998767812
-0.001433017289935845
0.0032585755414928017
0.0003739582244567036
-0.00355772601602581
1.0036528839971302
-0.0016539057136195046
0.007557583393567634
-5.023779598688511e-05
0.011790739903875903
-0.013490166904893587
0.014685116639115743
-0.005631547529176844
0.0024645518701472426
-0.006910076723122861
0.003785416445925605
-0.020038100531381508
0.012295286196157803
0.0022176671143637294
1.020369516893278
-0.005904876295000344
-0.028737956640904075
0.0038257025668743893
-0.0015510269342853859
-0.0014685017493895978
-0.023066128750668248
0.0042660148546834606
-0.002866689187782684
-0.00827641685925316
0.015112388840349312
0.012272955227338138
-0.0050497997218437955
-0.024313883474334146
-0.007173502183248101
0.9720563369699717
0.0019894339133182835
0.004982555798035118
0.009683910650323846
-0.013430153173521987
0.007919206311541287
-0.008454925898213141
-0.026555773347703808
-0.006403627801110842
0.0018195746345268827
0.0016120882833669
-0.008163369409929741
-0.002057095411523308
-0.014549261266624479
-0.0009492522467997697
0.009905530889268144
1.0069246269784011
-0.009513270147033069
0.004617572660849607
0.0019860097376563877
-0.0025567744789137593
0.0051882440987772675
-0.00213779490109822
0.007771676395842543
-0.0048242681369544994
0.011375010600378287
0.009837109420606756
0.00509499179248356
0.0027567714580601244
-0.016768839432507968
-0.005919841694491061
0.013003304607063655
-0.006653376597946562
1.004048914828774
0.0030208781573468468
-0.0003644937793855647
-0.012231570978414581
0.00531421582898047
0.013123229591590657
-0.006105780495971772
-2.827314883606779e-05
-0.0012460978548118578
0.004702456936052759
0.008298773065738138
-0.005532111302823983
0.0005095104866755897
0.008271988047315253
0.016320154466280885
0.007545894224813061
-0.003790946080064805
0.0010513195874977937
1.0035071677236562
-0.007136688362366673
0.00024193909505284967
-0.0009269252048362119
-0.012875890118241147
-0.012319023477783107
0.008806299852710819
0.0063068195020903875
0.002242646896480767
0.00611589215863878
-0.007673268670993835
0.007741785909452946
0.010827955719348551
-0.00202831259238788
0.006398137515986745
-0.0013392372126039447
-0.0010458600972195486
-0.00274188945608388
-0.011075766994349843
1.0054332052348784
0.005740796988821345
-0.007561788365235963
0.011273539617496615
0.021198867112848685
-0.012528059782587848
-0.002700720761319574
0.002297124334837827
-0.0018249241782263054
-0.002570576052275705
-0.01785833796405505
0.002958659658967159
0.0001574110430326981
-0.004832110016556018
0.008641978965797522
0.0018743289248922556
0.015493299746760216
0.015128375259673822
0.0057007220466367995
0.00812258461441228
0.998438667739959
-0.017182914453334606
-0.022102483254155

