0.000000000000000000e+00 -1.317085116170346737e-03
1.000000000000000000e+00 1.748355105519294739e-03
2.000000000000000000e+00 -1.277183531783521175e-03
3.000000000000000000e+00 -6.313895573839545250e-04
4.000000000000000000e+00 1.820059260353446007e-03
5.000000000000000000e+00 -7.147408905439078808e-04
6.000000000000000000e+00 1.809899345971643925e-03
7.000000000000000000e+00 2.118397271260619164e-03
8.000000000000000000e+00 -1.335005974397063255e-03
9.000000000000000000e+00 -2.348525740671902895e-04
1.000000000000000000e+01 2.471571555361151695e-03
1.100000000000000000e+01 1.579962787218391895e-03
1.200000000000000000e+01 -2.465851604938507080e-03
1.300000000000000000e+01 1.432479359209537506e-03
1.400000000000000000e+01 -1.566844061017036438e-03
1.500000000000000000e+01 5.729230470024049282e-04
1.600000000000000000e+01 -1.653838902711868286e-03
1.700000000000000000e+01 -2.706129453144967556e-04
1.800000000000000000e+01 -1.480651204474270344e-03
1.900000000000000000e+01 -1.609709579497575760e-03
2.000000000000000000e+01 1.356827444396913052e-03
2.100000000000000000e+01 6.367025780491530895e-04
2.200000000000000000e+01 -2.118829637765884399e-03
2.300000000000000000e+01 1.771699637174606323e-03
2.400000000000000000e+01 1.604170887731015682e-03
2.500000000000000000e+01 -1.915706961881369352e-04
2.600000000000000000e+01 -5.351543077267706394e-04
2.700000000000000000e+01 -3.567682113498449326e-03
2.800000000000000000e+01 -1.228138338774442673e-03
2.900000000000000000e+01 -3.687833668664097786e-03
3.000000000000000000e+01 5.685489741154015064e-04
3.100000000000000000e+01 -8.928872994147241116e-04
3.200000000000000000e+01 1.785239001037552953e-04
3.300000000000000000e+01 7.501950021833181381e-04
3.400000000000000000e+01 3.159460145980119705e-03
3.500000000000000000e+01 1.637970999581739306e-04
3.600000000000000000e+01 -8.518192335031926632e-04
3.700000000000000000e+01 6.697120843455195427e-04
3.800000000000000000e+01 -1.191936782561242580e-03
3.900000000000000000e+01 -1.085744937881827354e-03
4.000000000000000000e+01 -1.698747626505792141e-03
4.100000000000000000e+01 6.226208643056452274e-04
4.200000000000000000e+01 1.056991750374436378e-03
4.300000000000000000e+01 1.242860686033964157e-03
4.400000000000000000e+01 2.750822110101580620e-03
4.500000000000000000e+01 1.740976236760616302e-03
4.600000000000000000e+01 2.969065972138196230e-04
4.700000000000000000e+01 7.954982575029134750e-04
4.800000000000000000e+01 -6.600729830097407103e-05
4.900000000000000000e+01 5.995935644023120403e-04
5.000000000000000000e+01 2.269834047183394432e-03
5.100000000000000000e+01 -1.395361265167593956e-03
5.200000000000000000e+01 3.013003442902117968e-04
5.300000000000000000e+01 9.221623768098652363e-04
5.400000000000000000e+01 8.539007394574582577e-04
5.500000000000000000e+01 1.244529965333640575e-03
5.600000000000000000e+01 2.610398223623633385e-04
5.700000000000000000e+01 -1.589765422977507114e-03
5.800000000000000000e+01 2.067118883132934570e-03
5.900000000000000000e+01 7.926421822048723698e-04
6.000000000000000000e+01 -7.634591311216354370e-04
6.100000000000000000e+01 -1.843687263317406178e-03
6.200000000000000000e+01 -1.171392388641834259e-03
6.300000000000000000e+01 -1.109485398046672344e-03
6.400000000000000000e+01 2.177871501771733165e-04
6.500000000000000000e+01 2.727234968915581703e-03
6.600000000000000000e+01 2.361747901886701584e-03
6.700000000000000000e+01 -7.456640014424920082e-04
6.800000000000000000e+01 -6.845306488685309887e-04
6.900000000000000000e+01 -1.275262678973376751e-03
7.000000000000000000e+01 2.611722797155380249e-03
7.100000000000000000e+01 1.004984915198292583e-05
7.200000000000000000e+01 -4.346092828200198710e-05
7.300000000000000000e+01 2.401610137894749641e-03
7.400000000000000000e+01 -8.591171354055404663e-04
7.500000000000000000e+01 -1.211958122439682484e-03
7.600000000000000000e+01 1.933587947860360146e-03
7.700000000000000000e+01 -5.045553669333457947e-03
7.800000000000000000e+01 5.680896574631333351e-04
7.900000000000000000e+01 -2.469810424372553825e-03
8.000000000000000000e+01 -2.970151836052536964e-03
8.100000000000000000e+01 1.237695221789181232e-03
8.200000000000000000e+01 -2.904769731685519218e-03
8.300000000000000000e+01 6.986425723880529404e-04
8.400000000000000000e+01 1.067285542376339436e-03
8.500000000000000000e+01 2.381543890805914998e-04
8.600000000000000000e+01 5.721420166082680225e-04
8.700000000000000000e+01 -2.058952522929757833e-04
8.800000000000000000e+01 -1.516799675300717354e-03
8.900000000000000000e+01 3.857727733702631667e-06
9.000000000000000000e+01 -2.742313547059893608e-03
9.100000000000000000e+01 -4.896106547676026821e-04
9.200000000000000000e+01 -1.712248311378061771e-03
9.300000000000000000e+01 9.151424164883792400e-04
9.400000000000000000e+01 -1.267101499252021313e-03
9.500000000000000000e+01 6.038917927071452141e-04
9.600000000000000000e+01 -2.425928367301821709e-03
9.700000000000000000e+01 -1.637724053580313921e-04
9.800000000000000000e+01 -1.140547217801213264e-03
9.900000000000000000e+01 -3.829629567917436361e-04
1.000000000000000000e+02 4.854661165154539049e-05
1.010000000000000000e+02 -1.587150734849274158e-03
1.020000000000000000e+02 -2.162695163860917091e-03
1.030000000000000000e+02 4.564104601740837097e-04
1.040000000000000000e+02 8.782636723481118679e-04
1.050000000000000000e+02 -2.375814656261354685e-04
1.060000000000000000e+02 6.435898831114172935e-04
1.070000000000000000e+02 -2.838417713064700365e-04
1.080000000000000000e+02 -1.822344493120908737e-03
1.090000000000000000e+02 2.351996721699833870e-03
1.100000000000000000e+02 -8.898135274648666382e-04
1.110000000000000000e+02 -2.243922790512442589e-03
1.120000000000000000e+02 1.796276425011456013e-03
1.130000000000000000e+02 -2.738630282692611217e-04
1.140000000000000000e+02 -7.231500931084156036e-04
1.150000000000000000e+02 -1.338363159447908401e-03
1.160000000000000000e+02 -4.759887524414807558e-04
1.170000000000000000e+02 3.105146461166441441e-04
1.180000000000000000e+02 1.131037948653101921e-03
1.190000000000000000e+02 -8.862749673426151276e-04
1.200000000000000000e+02 -2.280725631862878799e-03
1.210000000000000000e+02 2.361077815294265747e-03
1.220000000000000000e+02 -1.971654826775193214e-03
1.230000000000000000e+02 9.669272112660109997e-04
1.240000000000000000e+02 -2.623736509121954441e-04
1.250000000000000000e+02 -3.922627074643969536e-04
1.260000000000000000e+02 1.566418446600437164e-03
1.270000000000000000e+02 1.652408973313868046e-04
1.280000000000000000e+02 -2.029292518272995949e-03
1.290000000000000000e+02 -3.022181917913258076e-04
1.300000000000000000e+02 -1.885045086964964867e-03
1.310000000000000000e+02 -4.042652435600757599e-04
1.320000000000000000e+02 -2.600442152470350266e-03
1.330000000000000000e+02 -2.582648070529103279e-03
1.340000000000000000e+02 1.676590065471827984e-03
1.350000000000000000e+02 6.566646043211221695e-04
1.360000000000000000e+02 1.863482873886823654e-03
1.370000000000000000e+02 9.005604806588962674e-05
1.380000000000000000e+02 -2.047407469945028424e-04
1.390000000000000000e+02 -1.482056919485330582e-03
1.400000000000000000e+02 2.380830002948641777e-03
1.410000000000000000e+02 -2.223459305241703987e-03
1.420000000000000000e+02 1.057887682691216469e-03
1.430000000000000000e+02 2.402521669864654541e-03
1.440000000000000000e+02 1.596484333276748657e-03
1.450000000000000000e+02 -8.435141353402286768e-05
1.460000000000000000e+02 -4.151824396103620529e-04
1.470000000000000000e+02 4.387641383800655603e-04
1.480000000000000000e+02 2.419872180325910449e-04
1.490000000000000000e+02 -9.732336038723587990e-04
1.500000000000000000e+02 -1.919487694976851344e-04
1.510000000000000000e+02 -3.195163735654205084e-04
1.520000000000000000e+02 -1.387778786011040211e-03
1.530000000000000000e+02 6.490659434348344803e-04
1.540000000000000000e+02 6.990232504904270172e-04
1.550000000000000000e+02 -4.120509402127936482e-05
1.560000000000000000e+02 -1.205065520480275154e-03
1.570000000000000000e+02 1.350132632069289684e-03
1.580000000000000000e+02 -9.466226329095661640e-04
1.590000000000000000e+02 1.451856456696987152e-03
1.600000000000000000e+02 -7.790513918735086918e-04
1.610000000000000000e+02 -3.485077177174389362e-04
1.620000000000000000e+02 2.624182379804551601e-04
1.630000000000000000e+02 -3.138947533443570137e-03
1.640000000000000000e+02 1.685853349044919014e-03
1.650000000000000000e+02 -4.672252398449927568e-04
1.660000000000000000e+02 3.002677811309695244e-03
1.670000000000000000e+02 5.465693539008498192e-04
1.680000000000000000e+02 1.284471596591174603e-03
1.690000000000000000e+02 -1.636786037124693394e-03
1.700000000000000000e+02 1.548024360090494156e-03
1.710000000000000000e+02 1.525966450572013855e-03
1.720000000000000000e+02 3.625107055995613337e-04
1.730000000000000000e+02 -4.163540143053978682e-04
1.740000000000000000e+02 -1.279440126381814480e-03
1.750000000000000000e+02 -1.870830164989456534e-04
1.760000000000000000e+02 2.599976025521755219e-03
1.770000000000000000e+02 -1.342398580163717270e-03
1.780000000000000000e+02 -1.811311230994760990e-03
1.790000000000000000e+02 4.935594624839723110e-04
1.800000000000000000e+02 9.725748532218858600e-05
1.810000000000000000e+02 1.393791986629366875e-03
1.820000000000000000e+02 1.399996224790811539e-03
1.830000000000000000e+02 1.251095673069357872e-03
1.840000000000000000e+02 2.520322741474956274e-04
1.850000000000000000e+02 -6.513607804663479328e-04
1.860000000000000000e+02 9.960484021576121449e-05
1.870000000000000000e+02 -1.455082790926098824e-03
1.880000000000000000e+02 1.009063329547643661e-03
1.890000000000000000e+02 -2.291782526299357414e-03
1.900000000000000000e+02 -2.199939219281077385e-03
1.910000000000000000e+02 -1.450125710107386112e-03
1.920000000000000000e+02 2.879559760913252831e-03
1.930000000000000000e+02 8.918383973650634289e-04
1.940000000000000000e+02 -1.198969432152807713e-03
1.950000000000000000e+02 -2.342740539461374283e-03
1.960000000000000000e+02 -9.283038671128451824e-04
1.970000000000000000e+02 3.058056114241480827e-03
1.980000000000000000e+02 4.506046243477612734e-04
1.990000000000000000e+02 5.994408275000751019e-04
2.000000000000000000e+02 -1.866599086497444659e-05
2.010000000000000000e+02 1.849332242272794247e-03
2.020000000000000000e+02 -1.509560737758874893e-03
2.030000000000000000e+02 -2.712851157411932945e-03
2.040000000000000000e+02 -1.330785453319549561e-03
2.050000000000000000e+02 2.375602722167968750e-03
2.060000000000000000e+02 -3.761173138627782464e-05
2.070000000000000000e+02 3.243447863496840000e-04
2.080000000000000000e+02 -3.577471245080232620e-03
2.090000000000000000e+02 8.961487765191122890e-05
2.100000000000000000e+02 1.506027765572071075e-03
2.110000000000000000e+02 -2.387042914051562548e-04
2.120000000000000000e+02 2.474001608788967133e-03
2.130000000000000000e+02 7.974213222041726112e-04
2.140000000000000000e+02 8.695781580172479153e-04
2.150000000000000000e+02 7.148063159547746181e-04
2.160000000000000000e+02 4.173525085207074881e-04
2.170000000000000000e+02 -8.992575749289244413e-05
2.180000000000000000e+02 8.276748121716082096e-04
2.190000000000000000e+02 -2.729794243350625038e-03
2.200000000000000000e+02 5.484224529936909676e-04
2.210000000000000000e+02 1.029406790621578693e-03
2.220000000000000000e+02 -8.643932574159407523e-07
2.230000000000000000e+02 2.257920801639556885e-03
2.240000000000000000e+02 -2.753524458967149258e-04
2.250000000000000000e+02 1.553339418023824692e-03
2.260000000000000000e+02 5.532690556719899178e-04
2.270000000000000000e+02 1.654388761380687356e-04
2.280000000000000000e+02 9.010714711621403694e-04
2.290000000000000000e+02 -9.360123658552765846e-05
2.300000000000000000e+02 -1.367986435070633888e-03
2.310000000000000000e+02 -5.939395050518214703e-04
2.320000000000000000e+02 -7.856508018448948860e-04
2.330000000000000000e+02 2.146353013813495636e-03
2.340000000000000000e+02 1.722882036119699478e-03
2.350000000000000000e+02 -6.711629248457029462e-05
2.360000000000000000e+02 -7.761097513139247894e-04
2.370000000000000000e+02 -2.122520003467798233e-03
2.380000000000000000e+02 -3.452971111983060837e-03
2.390000000000000000e+02 -4.644344560801982880e-03
2.400000000000000000e+02 1.646812306717038155e-03
2.410000000000000000e+02 1.585861027706414461e-04
2.420000000000000000e+02 2.553214784711599350e-03
2.430000000000000000e+02 -9.843540610745549202e-04
2.440000000000000000e+02 -1.405909424647688866e-03
2.450000000000000000e+02 2.017803257331252098e-03
2.460000000000000000e+02 -9.015460964292287827e-04
2.470000000000000000e+02 9.311768226325511932e-04
2.480000000000000000e+02 7.972245657583698630e-05
2.490000000000000000e+02 6.647315458394587040e-04
2.500000000000000000e+02 -3.555622417479753494e-03
2.510000000000000000e+02 -2.953429357148706913e-04
2.520000000000000000e+02 1.274719252251088619e-03
2.530000000000000000e+02 2.743497490882873535e-03
2.540000000000000000e+02 -9.202428045682609081e-04
2.550000000000000000e+02 -3.316927002742886543e-03
2.560000000000000000e+02 -1.413813792169094086e-03
2.570000000000000000e+02 -5.796538316644728184e-04
2.580000000000000000e+02 1.030613319016993046e-03
2.590000000000000000e+02 -2.988591324537992477e-03
2.600000000000000000e+02 9.844416053965687752e-04
2.610000000000000000e+02 -2.494493732228875160e-03
2.620000000000000000e+02 1.454269164241850376e-03
2.630000000000000000e+02 8.696471923030912876e-04
2.640000000000000000e+02 5.934174405410885811e-04
2.650000000000000000e+02 -1.523853628896176815e-03
2.660000000000000000e+02 -1.548154978081583977e-03
2.670000000000000000e+02 1.323009841144084930e-03
2.680000000000000000e+02 -1.432618009857833385e-03
2.690000000000000000e+02 2.122243866324424744e-03
2.700000000000000000e+02 -1.928754063555970788e-04
2.710000000000000000e+02 1.016905443975701928e-04
2.720000000000000000e+02 -2.117353724315762520e-03
2.730000000000000000e+02 -2.353371353819966316e-03
2.740000000000000000e+02 8.233886910602450371e-04
2.750000000000000000e+02 -2.139083226211369038e-04
2.760000000000000000e+02 -7.939625065773725510e-04
2.770000000000000000e+02 1.994931837543845177e-03
2.780000000000000000e+02 -5.985481548123061657e-04
2.790000000000000000e+02 -5.130735808052122593e-04
2.800000000000000000e+02 -7.384023629128932953e-04
2.810000000000000000e+02 1.387858530506491661e-03
2.820000000000000000e+02 3.632194420788437128e-04
2.830000000000000000e+02 -3.841781581286340952e-04
2.840000000000000000e+02 -2.353143936488777399e-04
2.850000000000000000e+02 8.482908015139400959e-04
2.860000000000000000e+02 -2.700430341064929962e-04
2.870000000000000000e+02 -2.187513891840353608e-04
2.880000000000000000e+02 -2.282727509737014771e-03
2.890000000000000000e+02 -3.866069309879094362e-04
2.900000000000000000e+02 -1.713924226351082325e-03
2.910000000000000000e+02 -1.522878883406519890e-03
2.920000000000000000e+02 -3.123023547232151031e-03
2.930000000000000000e+02 2.210091333836317062e-03
2.940000000000000000e+02 -1.438487204723060131e-03
2.950000000000000000e+02 2.898271195590496063e-03
2.960000000000000000e+02 -5.675867432728409767e-04
2.970000000000000000e+02 1.009697909466922283e-03
2.980000000000000000e+02 1.259046839550137520e-03
2.990000000000000000e+02 -1.233628019690513611e-03
3.000000000000000000e+02 -1.416408806107938290e-03
3.010000000000000000e+02 -1.616750705579761416e-05
3.020000000000000000e+02 -1.637781155295670033e-03
3.030000000000000000e+02 -2.710868371650576591e-03
3.040000000000000000e+02 -9.109416278079152107e-04
3.050000000000000000e+02 2.131491433829069138e-03
3.060000000000000000e+02 -2.504145959392189980e-04
3.070000000000000000e+02 -3.128340002149343491e-03
3.080000000000000000e+02 -3.451663069427013397e-03
3.090000000000000000e+02 -2.593838842585682869e-03
3.100000000000000000e+02 -1.100380788557231426e-03
3.110000000000000000e+02 -8.462909609079360962e-04
3.120000000000000000e+02 -3.727262665051966906e-04
3.130000000000000000e+02 7.493734592571854591e-04
3.140000000000000000e+02 -1.357894157990813255e-03
3.150000000000000000e+02 -1.064371666871011257e-03
3.160000000000000000e+02 3.485481138341128826e-04
3.170000000000000000e+02 3.142125788144767284e-04
3.180000000000000000e+02 -2.382933162152767181e-03
3.190000000000000000e+02 -3.216238983441144228e-04
3.200000000000000000e+02 7.645550795132294297e-05
3.210000000000000000e+02 -1.307056867517530918e-03
3.220000000000000000e+02 2.391286194324493408e-03
3.230000000000000000e+02 -5.156402476131916046e-04
3.240000000000000000e+02 1.836574636399745941e-03
3.250000000000000000e+02 -1.202494371682405472e-03
3.260000000000000000e+02 -9.934390982380136847e-05
3.270000000000000000e+02 8.576753898523747921e-04
3.280000000000000000e+02 -4.205394070595502853e-03
3.290000000000000000e+02 -4.614881472662091255e-04
3.300000000000000000e+02 -1.195054210256785154e-04
3.310000000000000000e+02 1.090168021619319916e-03
3.320000000000000000e+02 1.813139650039374828e-03
3.330000000000000000e+02 -5.946184974163770676e-04
3.340000000000000000e+02 -1.859429758042097092e-04
3.350000000000000000e+02 -1.530535751953721046e-03
3.360000000000000000e+02 1.590091153047978878e-03
3.370000000000000000e+02 -2.205588389188051224e-04
3.380000000000000000e+02 2.046001376584172249e-03
3.390000000000000000e+02 1.171766547486186028e-03
3.400000000000000000e+02 -1.686087125563062727e-05
3.410000000000000000e+02 1.750368275679647923e-03
3.420000000000000000e+02 -4.190325271338224411e-04
3.430000000000000000e+02 -3.789733862504363060e-03
3.440000000000000000e+02 -1.753332209773361683e-03
3.450000000000000000e+02 9.316634968854486942e-04
3.460000000000000000e+02 2.459376119077205658e-04
3.470000000000000000e+02 -7.017597090452909470e-04
3.480000000000000000e+02 -3.708637377712875605e-04
3.490000000000000000e+02 -1.927289646118879318e-03
3.500000000000000000e+02 1.462645479477941990e-03
3.510000000000000000e+02 1.878801384009420872e-03
3.520000000000000000e+02 -1.133790006861090660e-03
3.530000000000000000e+02 4.366576322354376316e-04
3.540000000000000000e+02 2.864688169211149216e-03
3.550000000000000000e+02 -1.625041128136217594e-03
3.560000000000000000e+02 9.599614422768354416e-04
3.570000000000000000e+02 1.307528582401573658e-03
3.580000000000000000e+02 -9.081758907996118069e-04
3.590000000000000000e+02 -6.534676067531108856e-04
3.600000000000000000e+02 -1.136792590841650963e-03
3.610000000000000000e+02 -1.548234489746391773e-03
3.620000000000000000e+02 -2.622250933200120926e-03
3.630000000000000000e+02 -1.168053830042481422e-03
3.640000000000000000e+02 1.458284561522305012e-03
3.650000000000000000e+02 -2.617231570184230804e-03
3.660000000000000000e+02 7.446026429533958435e-04
3.670000000000000000e+02 -1.909813028760254383e-03
3.680000000000000000e+02 3.976797161158174276e-04
3.690000000000000000e+02 -1.025155768729746342e-03
3.700000000000000000e+02 -9.809590410441160202e-04
3.710000000000000000e+02 -2.072652569040656090e-03
3.720000000000000000e+02 9.035226539708673954e-04
3.730000000000000000e+02 -1.964301569387316704e-03
3.740000000000000000e+02 -8.023607661016285419e-04
3.750000000000000000e+02 -9.451851947233080864e-04
3.760000000000000000e+02 1.695678103715181351e-03
3.770000000000000000e+02 -1.399990171194076538e-03
3.780000000000000000e+02 -3.649969585239887238e-04
3.790000000000000000e+02 -1.897988026030361652e-03
3.800000000000000000e+02 -6.897827261127531528e-04
3.810000000000000000e+02 -7.715365500189363956e-04
3.820000000000000000e+02 1.011486980132758617e-03
3.830000000000000000e+02 -1.212146016769111156e-04
3.840000000000000000e+02 6.881771259941160679e-04
3.850000000000000000e+02 1.306599733652547002e-04
3.860000000000000000e+02 -1.212008530274033546e-03
3.870000000000000000e+02 1.008042381727136672e-04
3.880000000000000000e+02 6.721034878864884377e-04
3.890000000000000000e+02 -9.458982385694980621e-04
3.900000000000000000e+02 8.891124743968248367e-04
3.910000000000000000e+02 -1.348436344414949417e-03
3.920000000000000000e+02 -8.926076116040349007e-04
3.930000000000000000e+02 -2.676936564967036247e-03
3.940000000000000000e+02 -2.304417721461504698e-04
3.950000000000000000e+02 9.407463949173688889e-04
3.960000000000000000e+02 -4.403966886457055807e-04
3.970000000000000000e+02 7.437678286805748940e-04
3.980000000000000000e+02 8.494711946696043015e-04
3.990000000000000000e+02 1.299363939324393868e-04
4.000000000000000000e+02 4.247503355145454407e-03
4.010000000000000000e+02 1.332326442934572697e-03
4.020000000000000000e+02 -1.524355495348572731e-03
4.030000000000000000e+02 1.274593960260972381e-04
4.040000000000000000e+02 1.492761890403926373e-03
4.050000000000000000e+02 1.829633954912424088e-03
4.060000000000000000e+02 -2.985145547427237034e-04
4.070000000000000000e+02 -1.577757298946380615e-03
4.080000000000000000e+02 -2.541835885494947433e-03
4.090000000000000000e+02 5.834389594383537769e-04
4.100000000000000000e+02 -3.376014647074043751e-04
4.110000000000000000e+02 -2.212128947576275095e-06
4.120000000000000000e+02 -1.091492478735744953e-03
4.130000000000000000e+02 1.699495827779173851e-03
4.140000000000000000e+02 -1.100643421523272991e-03
4.150000000000000000e+02 -2.815012339851818979e-05
4.160000000000000000e+02 -7.408649544231593609e-04
4.170000000000000000e+02 -9.788550669327378273e-04
4.180000000000000000e+02 8.982814615592360497e-04
4.190000000000000000e+02 -1.492860727012157440e-03
4.200000000000000000e+02 9.618716430850327015e-04
4.210000000000000000e+02 1.952387392520904541e-04
4.220000000000000000e+02 2.271225675940513611e-03
4.230000000000000000e+02 6.812397041358053684e-04
4.240000000000000000e+02 -1.210843445733189583e-03
4.250000000000000000e+02 3.414668375626206398e-03
4.260000000000000000e+02 2.189001534134149551e-03
4.270000000000000000e+02 -1.712550874799489975e-03
4.280000000000000000e+02 -8.878877270035445690e-04
4.290000000000000000e+02 -3.190818941220641136e-03
4.300000000000000000e+02 1.053937012329697609e-03
4.310000000000000000e+02 -1.815553870983421803e-03
4.320000000000000000e+02 -5.893995985388755798e-04
4.330000000000000000e+02 -7.575753261335194111e-04
4.340000000000000000e+02 8.067860035225749016e-04
4.350000000000000000e+02 2.875934587791562080e-03
4.360000000000000000e+02 2.531199250370264053e-03
4.370000000000000000e+02 -5.317894974723458290e-04
4.380000000000000000e+02 -1.504200161434710026e-03
4.390000000000000000e+02 7.695858948864042759e-04
4.400000000000000000e+02 -6.634102319367229939e-04
4.410000000000000000e+02 -2.637211699038743973e-03
4.420000000000000000e+02 3.856171679217368364e-04
4.430000000000000000e+02 -9.597124299034476280e-04
4.440000000000000000e+02 -8.155763498507440090e-04
4.450000000000000000e+02 7.425990770570933819e-04
4.460000000000000000e+02 1.835104776546359062e-03
4.470000000000000000e+02 2.906731097027659416e-03
4.480000000000000000e+02 5.826114793308079243e-04
4.490000000000000000e+02 3.706951392814517021e-04
4.500000000000000000e+02 4.496216424740850925e-04
4.510000000000000000e+02 9.169871918857097626e-04
4.520000000000000000e+02 6.568868411704897881e-04
4.530000000000000000e+02 -2.081190934404730797e-03
4.540000000000000000e+02 -1.852970803156495094e-03
4.550000000000000000e+02 -4.005784168839454651e-03
4.560000000000000000e+02 2.274975850014016032e-04
4.570000000000000000e+02 8.819103823043406010e-04
4.580000000000000000e+02 1.250224537216126919e-03
4.590000000000000000e+02 -6.200725911185145378e-04
4.600000000000000000e+02 -1.925631193444132805e-03
4.610000000000000000e+02 -3.385386080481112003e-04
4.620000000000000000e+02 1.436259946785867214e-03
4.630000000000000000e+02 -1.341481111012399197e-03
4.640000000000000000e+02 2.168020233511924744e-03
4.650000000000000000e+02 2.062599174678325653e-03
4.660000000000000000e+02 2.159392694011330605e-03
4.670000000000000000e+02 3.214804921299219131e-03
4.680000000000000000e+02 1.716256141662597656e-03
4.690000000000000000e+02 -2.154151210561394691e-03
4.700000000000000000e+02 2.226770156994462013e-03
4.710000000000000000e+02 2.489855978637933731e-03
4.720000000000000000e+02 -1.554675167426466942e-03
4.730000000000000000e+02 4.125742125324904919e-04
4.740000000000000000e+02 -1.387343043461441994e-03
4.750000000000000000e+02 -9.647875558584928513e-04
4.760000000000000000e+02 1.049112295731902122e-03
4.770000000000000000e+02 2.008151030167937279e-03
4.780000000000000000e+02 -2.826895797625184059e-03
4.790000000000000000e+02 -1.897208858281373978e-03
4.800000000000000000e+02 1.144832931458950043e-03
4.810000000000000000e+02 -1.374684390611946583e-03
4.820000000000000000e+02 -1.006782520562410355e-03
4.830000000000000000e+02 -2.939458063337951899e-04
4.840000000000000000e+02 1.252790447324514389e-03
4.850000000000000000e+02 2.857298357412219048e-03
4.860000000000000000e+02 -1.864084624685347080e-04
4.870000000000000000e+02 -6.838774424977600574e-04
4.880000000000000000e+02 1.052104751579463482e-03
4.890000000000000000e+02 1.232760609127581120e-03
4.900000000000000000e+02 6.289113662205636501e-04
4.910000000000000000e+02 2.127219690009951591e-03
4.920000000000000000e+02 -1.353483181446790695e-03
4.930000000000000000e+02 8.131361682899296284e-04
4.940000000000000000e+02 -4.379691963549703360e-04
4.950000000000000000e+02 7.288875058293342590e-04
4.960000000000000000e+02 -1.746413909131661057e-04
4.970000000000000000e+02 9.111548424698412418e-04
4.980000000000000000e+02 1.832924666814506054e-03
4.990000000000000000e+02 2.070338465273380280e-03
5.000000000000000000e+02 1.249364431714639068e-04
5.010000000000000000e+02 -2.909569069743156433e-03
5.020000000000000000e+02 2.581089967861771584e-03
5.030000000000000000e+02 -1.808793749660253525e-03
5.040000000000000000e+02 -6.369886104948818684e-04
5.050000000000000000e+02 1.793690840713679790e-03
5.060000000000000000e+02 1.496635726653039455e-03
5.070000000000000000e+02 1.759638660587370396e-03
5.080000000000000000e+02 1.873541157692670822e-03
5.090000000000000000e+02 3.958734218031167984e-03
5.100000000000000000e+02 6.574259605258703232e-04
5.110000000000000000e+02 4.898887127637863159e-03
5.120000000000000000e+02 4.438488278537988663e-03
5.130000000000000000e+02 3.249740926548838615e-03
5.140000000000000000e+02 9.186075069010257721e-03
5.150000000000000000e+02 1.144464686512947083e-02
5.160000000000000000e+02 1.271647401154041290e-02
5.170000000000000000e+02 1.449159998446702957e-02
5.180000000000000000e+02 2.201266959309577942e-02
5.190000000000000000e+02 2.591593004763126373e-02
5.200000000000000000e+02 3.070628084242343903e-02
5.210000000000000000e+02 3.673245385289192200e-02
5.220000000000000000e+02 4.048246890306472778e-02
5.230000000000000000e+02 3.943318128585815430e-02
5.240000000000000000e+02 3.242105990648269653e-02
5.250000000000000000e+02 2.906014025211334229e-02
5.260000000000000000e+02 2.168914303183555603e-02
5.270000000000000000e+02 1.939641870558261871e-02
5.280000000000000000e+02 1.055445242673158646e-02
5.290000000000000000e+02 7.228368893265724182e-03
5.300000000000000000e+02 7.505783345550298691e-03
5.310000000000000000e+02 6.005595903843641281e-03
5.320000000000000000e+02 3.040346549823880196e-03
5.330000000000000000e+02 3.442380344495177269e-03
5.340000000000000000e+02 2.435002010315656662e-03
5.350000000000000000e+02 1.830678666010499001e-03
5.360000000000000000e+02 2.606721827760338783e-03
5.370000000000000000e+02 6.195435766130685806e-03
5.380000000000000000e+02 3.199638566002249718e-03
5.390000000000000000e+02 5.307768937200307846e-03
5.400000000000000000e+02 1.326109049841761589e-03
5.410000000000000000e+02 7.242800202220678329e-03
5.420000000000000000e+02 7.269814144819974899e-03
5.430000000000000000e+02 9.762865491211414337e-03
5.440000000000000000e+02 1.459845155477523804e-02
5.450000000000000000e+02 1.683417521417140961e-02
5.460000000000000000e+02 2.398340404033660889e-02
5.470000000000000000e+02 2.997653186321258545e-02
5.480000000000000000e+02 3.269483521580696106e-02
5.490000000000000000e+02 4.124838858842849731e-02
5.500000000000000000e+02 5.015915259718894958e-02
5.510000000000000000e+02 5.962840467691421509e-02
5.520000000000000000e+02 6.645336747169494629e-02
5.530000000000000000e+02 7.567409425973892212e-02
5.540000000000000000e+02 7.750550657510757446e-02
5.550000000000000000e+02 7.852369546890258789e-02
5.560000000000000000e+02 7.828599214553833008e-02
5.570000000000000000e+02 8.343947678804397583e-02
5.580000000000000000e+02 1.006589829921722412e-01
5.590000000000000000e+02 1.338136345148086548e-01
5.600000000000000000e+02 1.816846728324890137e-01
5.610000000000000000e+02 2.510670423507690430e-01
5.620000000000000000e+02 3.598172068595886230e-01
5.630000000000000000e+02 5.123359560966491699e-01
5.640000000000000000e+02 6.847152709960937500e-01
5.650000000000000000e+02 8.498980402946472168e-01
5.660000000000000000e+02 9.639646410942077637e-01
5.670000000000000000e+02 1.000000000000000000e+00
5.680000000000000000e+02 9.271050691604614258e-01
5.690000000000000000e+02 7.815867066383361816e-01
5.700000000000000000e+02 5.799521207809448242e-01
5.710000000000000000e+02 3.942075967788696289e-01
5.720000000000000000e+02 2.492913305759429932e-01
5.730000000000000000e+02 1.536561399698257446e-01
5.740000000000000000e+02 9.003555774688720703e-02
5.750000000000000000e+02 5.647112056612968445e-02
5.760000000000000000e+02 3.759767860174179077e-02
5.770000000000000000e+02 2.802242897450923920e-02
5.780000000000000000e+02 2.335090003907680511e-02
5.790000000000000000e+02 1.878332905471324921e-02
5.800000000000000000e+02 1.642542891204357147e-02
5.810000000000000000e+02 1.007907465100288391e-02
5.820000000000000000e+02 1.048622280359268188e-02
5.830000000000000000e+02 1.120825204998254776e-02
5.840000000000000000e+02 9.959923103451728821e-03
5.850000000000000000e+02 1.146862562745809555e-02
5.860000000000000000e+02 1.203500386327505112e-02
5.870000000000000000e+02 9.975623339414596558e-03
5.880000000000000000e+02 1.511038932949304581e-02
5.890000000000000000e+02 1.567853242158889771e-02
5.900000000000000000e+02 1.807311177253723145e-02
5.910000000000000000e+02 2.804891578853130341e-02
5.920000000000000000e+02 3.400823101401329041e-02
5.930000000000000000e+02 4.289728775620460510e-02
5.940000000000000000e+02 5.854460597038269043e-02
5.950000000000000000e+02 7.454220950603485107e-02
5.960000000000000000e+02 8.359155058860778809e-02
5.970000000000000000e+02 8.425681293010711670e-02
5.980000000000000000e+02 9.133902192115783691e-02
5.990000000000000000e+02 8.791390806436538696e-02
6.000000000000000000e+02 8.216560631990432739e-02
6.010000000000000000e+02 7.151301205158233643e-02
6.020000000000000000e+02 6.126653403043746948e-02
6.030000000000000000e+02 5.688587948679924011e-02
6.040000000000000000e+02 5.212102085351943970e-02
6.050000000000000000e+02 4.770444706082344055e-02
6.060000000000000000e+02 4.231048375368118286e-02
6.070000000000000000e+02 3.782943636178970337e-02
6.080000000000000000e+02 3.538740426301956177e-02
6.090000000000000000e+02 2.898988872766494751e-02
6.100000000000000000e+02 2.648849040269851685e-02
6.110000000000000000e+02 2.572088688611984253e-02
6.120000000000000000e+02 1.838337071239948273e-02
6.130000000000000000e+02 1.548053696751594543e-02
6.140000000000000000e+02 1.797653175890445709e-02
6.150000000000000000e+02 1.434649992734193802e-02
6.160000000000000000e+02 1.209418755024671555e-02
6.170000000000000000e+02 9.234836325049400330e-03
6.180000000000000000e+02 7.030611857771873474e-03
6.190000000000000000e+02 5.272389389574527740e-03
6.200000000000000000e+02 6.572960875928401947e-03
6.210000000000000000e+02 3.788811387494206429e-03
6.220000000000000000e+02 5.087566096335649490e-03
6.230000000000000000e+02 3.656375221908092499e-03
6.240000000000000000e+02 1.803953782655298710e-03
6.250000000000000000e+02 2.709123538807034492e-03
6.260000000000000000e+02 1.724339090287685394e-03
6.270000000000000000e+02 -9.635833557695150375e-04
6.280000000000000000e+02 3.709894837811589241e-03
6.290000000000000000e+02 -5.520278937183320522e-04
6.300000000000000000e+02 4.905880196020007133e-04
6.310000000000000000e+02 4.409112152643501759e-04
6.320000000000000000e+02 4.593050398398190737e-04
6.330000000000000000e+02 1.452091819373890758e-04
6.340000000000000000e+02 1.764948829077184200e-03
6.350000000000000000e+02 2.016577171161770821e-03
6.360000000000000000e+02 -9.956181747838854790e-05
6.370000000000000000e+02 2.168515231460332870e-03
6.380000000000000000e+02 -1.327206409769132733e-04
6.390000000000000000e+02 -1.747748756315559149e-04
6.400000000000000000e+02 2.311175048816949129e-04
6.410000000000000000e+02 -2.587972907349467278e-03
6.420000000000000000e+02 1.822404912672936916e-03
6.430000000000000000e+02 2.118261530995368958e-03
6.440000000000000000e+02 2.193881897255778313e-03
6.450000000000000000e+02 -1.073234481737017632e-03
6.460000000000000000e+02 1.199654536321759224e-03
6.470000000000000000e+02 -1.603044918738305569e-03
6.480000000000000000e+02 5.160881555639207363e-04
6.490000000000000000e+02 2.037083730101585388e-03
6.500000000000000000e+02 -3.096628934144973755e-03
6.510000000000000000e+02 1.270249136723577976e-03
6.520000000000000000e+02 -2.166470512747764587e-03
6.530000000000000000e+02 1.070813159458339214e-03
6.540000000000000000e+02 -4.626456066034734249e-04
6.550000000000000000e+02 3.103757044300436974e-03
6.560000000000000000e+02 7.423363276757299900e-04
6.570000000000000000e+02 -2.411906316410750151e-04
6.580000000000000000e+02 -1.804607454687356949e-03
6.590000000000000000e+02 -9.672184824012219906e-04
6.600000000000000000e+02 -9.837994584813714027e-04
6.610000000000000000e+02 5.716115119867026806e-04
6.620000000000000000e+02 -5.230172071605920792e-03
6.630000000000000000e+02 -1.544425496831536293e-03
6.640000000000000000e+02 5.921106203459203243e-04
6.650000000000000000e+02 5.311046152201015502e-06
6.660000000000000000e+02 -1.387234505045853439e-07
6.670000000000000000e+02 1.165785826742649078e-03
6.680000000000000000e+02 -3.987778327427804470e-04
6.690000000000000000e+02 -6.614884478040039539e-05
6.700000000000000000e+02 3.076571272686123848e-03
6.710000000000000000e+02 -8.484735735692083836e-04
6.720000000000000000e+02 1.721897860988974571e-03
6.730000000000000000e+02 -2.350993920117616653e-03
6.740000000000000000e+02 -2.186036203056573868e-03
6.750000000000000000e+02 8.937466773204505444e-04
6.760000000000000000e+02 6.846454343758523464e-04
6.770000000000000000e+02 2.055960474535822868e-03
6.780000000000000000e+02 -1.098863780498504639e-03
6.790000000000000000e+02 6.733590271323919296e-04
6.800000000000000000e+02 1.088897697627544403e-03
6.810000000000000000e+02 2.654534764587879181e-04
6.820000000000000000e+02 2.095617353916168213e-03
6.830000000000000000e+02 1.259973305423045531e-05
6.840000000000000000e+02 -7.022399222478270531e-04
6.850000000000000000e+02 -1.299356925301253796e-03
6.860000000000000000e+02 -5.205172346904873848e-04
6.870000000000000000e+02 1.759225124260410666e-04
6.880000000000000000e+02 -1.719849416986107826e-03
6.890000000000000000e+02 -3.734033962246030569e-04
6.900000000000000000e+02 1.656833919696509838e-04
6.910000000000000000e+02 -1.277808216400444508e-03
6.920000000000000000e+02 1.194640426547266543e-04
6.930000000000000000e+02 1.758628990501165390e-03
6.940000000000000000e+02 8.177404524758458138e-04
6.950000000000000000e+02 -2.766713500022888184e-03
6.960000000000000000e+02 -1.431425684131681919e-03
6.970000000000000000e+02 1.628239057026803493e-03
6.980000000000000000e+02 -7.886793464422225952e-04
6.990000000000000000e+02 2.810508885886520147e-04
7.000000000000000000e+02 -9.663183009251952171e-04
7.010000000000000000e+02 3.298281808383762836e-04
7.020000000000000000e+02 1.040208386257290840e-03
7.030000000000000000e+02 -3.743281704373657703e-04
7.040000000000000000e+02 -1.665581599809229374e-03
7.050000000000000000e+02 9.578636381775140762e-04
7.060000000000000000e+02 -2.080028876662254333e-03
7.070000000000000000e+02 -3.073266707360744476e-04
7.080000000000000000e+02 2.035717014223337173e-03
7.090000000000000000e+02 -2.114966511726379395e-03
7.100000000000000000e+02 -9.747265721671283245e-04
7.110000000000000000e+02 -2.056753495708107948e-03
7.120000000000000000e+02 -9.510133531875908375e-04
7.130000000000000000e+02 1.197019126266241074e-03
7.140000000000000000e+02 1.057143090292811394e-03
7.150000000000000000e+02 -4.051641153637319803e-04
7.160000000000000000e+02 -1.621255942154675722e-04
7.170000000000000000e+02 -1.912899781018495560e-03
7.180000000000000000e+02 -7.929960847832262516e-04
7.190000000000000000e+02 1.889759907498955727e-03
7.200000000000000000e+02 1.248181681148707867e-03
7.210000000000000000e+02 -2.175737172365188599e-03
7.220000000000000000e+02 -1.043089665472507477e-03
7.230000000000000000e+02 2.168604638427495956e-03
7.240000000000000000e+02 -1.804473868105560541e-04
7.250000000000000000e+02 2.750457962974905968e-03
7.260000000000000000e+02 -9.875696850940585136e-04
7.270000000000000000e+02 -9.950163075700402260e-04
7.280000000000000000e+02 -1.669265562668442726e-03
7.290000000000000000e+02 1.354105625068768859e-04
7.300000000000000000e+02 1.117967884056270123e-03
7.310000000000000000e+02 2.645837608724832535e-03
7.320000000000000000e+02 -1.018274342641234398e-03
7.330000000000000000e+02 -1.148889889009296894e-03
7.340000000000000000e+02 1.018241164274513721e-03
7.350000000000000000e+02 -5.057692178525030613e-04
7.360000000000000000e+02 -9.526146459393203259e-04
7.370000000000000000e+02 -6.602042121812701225e-04
7.380000000000000000e+02 1.755107077769935131e-04
7.390000000000000000e+02 -1.344974152743816376e-03
7.400000000000000000e+02 -1.851915265433490276e-03
7.410000000000000000e+02 -3.144770744256675243e-04
7.420000000000000000e+02 2.594504272565245628e-03
7.430000000000000000e+02 -2.962640719488263130e-03
7.440000000000000000e+02 2.642048057168722153e-04
7.450000000000000000e+02 1.678367028944194317e-03
7.460000000000000000e+02 7.347614155150949955e-04
7.470000000000000000e+02 2.733861329033970833e-04
7.480000000000000000e+02 2.705589402467012405e-03
7.490000000000000000e+02 2.858541207388043404e-03
7.500000000000000000e+02 -6.140815676189959049e-04
7.510000000000000000e+02 -6.220721988938748837e-04
7.520000000000000000e+02 9.988532401621341705e-04
7.530000000000000000e+02 -2.796929795295000076e-03
7.540000000000000000e+02 -8.597792475484311581e-04
7.550000000000000000e+02 -6.499023875221610069e-04
7.560000000000000000e+02 6.507071666419506073e-04
7.570000000000000000e+02 -1.169053371995687485e-03
7.580000000000000000e+02 -9.134822757914662361e-04
7.590000000000000000e+02 1.614868408069014549e-03
7.600000000000000000e+02 -1.116460072807967663e-03
7.610000000000000000e+02 9.487392380833625793e-04
7.620000000000000000e+02 -1.072087557986378670e-03
7.630000000000000000e+02 -2.341591753065586090e-03
7.640000000000000000e+02 -1.591669861227273941e-03
7.650000000000000000e+02 -1.474096556194126606e-03
7.660000000000000000e+02 2.669190522283315659e-03
7.670000000000000000e+02 -5.584814352914690971e-04
7.680000000000000000e+02 -1.765787252224981785e-03
7.690000000000000000e+02 -8.360644569620490074e-04
7.700000000000000000e+02 5.879340460523962975e-04
7.710000000000000000e+02 -3.313914203317835927e-05
7.720000000000000000e+02 -2.076954115182161331e-04
7.730000000000000000e+02 9.761935798451304436e-04
7.740000000000000000e+02 8.603051537647843361e-04
7.750000000000000000e+02 -1.450110110454261303e-03
7.760000000000000000e+02 -2.875229110941290855e-04
7.770000000000000000e+02 -2.009307732805609703e-03
7.780000000000000000e+02 -1.524475403130054474e-03
7.790000000000000000e+02 -3.069549333304166794e-03
7.800000000000000000e+02 1.375291230942821130e-05
7.810000000000000000e+02 6.249169382499530911e-05
7.820000000000000000e+02 6.159861222840845585e-04
7.830000000000000000e+02 -2.211690152762457728e-04
7.840000000000000000e+02 1.612265128642320633e-03
7.850000000000000000e+02 -4.838733875658363104e-04
7.860000000000000000e+02 1.070785336196422577e-03
7.870000000000000000e+02 1.069535734131932259e-03
7.880000000000000000e+02 -1.164457760751247406e-03
7.890000000000000000e+02 1.258174306713044643e-03
7.900000000000000000e+02 5.111009813845157623e-04
7.910000000000000000e+02 2.653804374858736992e-03
7.920000000000000000e+02 4.355969722382724285e-04
7.930000000000000000e+02 -1.184526947326958179e-03
7.940000000000000000e+02 -6.540781469084322453e-04
7.950000000000000000e+02 8.754000191402155906e-06
7.960000000000000000e+02 -7.495541358366608620e-04
7.970000000000000000e+02 1.377316424623131752e-03
7.980000000000000000e+02 -3.223915409762412310e-04
7.990000000000000000e+02 6.312557379715144634e-04
8.000000000000000000e+02 9.790699696168303490e-04
8.010000000000000000e+02 -1.438447274267673492e-03
8.020000000000000000e+02 6.677512428723275661e-04
8.030000000000000000e+02 3.741784254088997841e-03
8.040000000000000000e+02 -5.001611425541341305e-04
8.050000000000000000e+02 2.688857202883809805e-04
8.060000000000000000e+02 3.943616524338722229e-03
8.070000000000000000e+02 -5.350903375074267387e-04
8.080000000000000000e+02 -9.480314911343157291e-04
8.090000000000000000e+02 1.896149042295292020e-04
8.100000000000000000e+02 1.054977299645543098e-03
8.110000000000000000e+02 1.669565332122147083e-03
8.120000000000000000e+02 2.274731174111366272e-03
8.130000000000000000e+02 -1.802862389013171196e-03
8.140000000000000000e+02 1.562702120281755924e-03
8.150000000000000000e+02 -1.079887384548783302e-03
8.160000000000000000e+02 -5.696195512427948415e-05
8.170000000000000000e+02 -2.194990171119570732e-03
8.180000000000000000e+02 -2.052729018032550812e-03
8.190000000000000000e+02 1.353575935354456306e-04
8.200000000000000000e+02 -4.126426298171281815e-03
8.210000000000000000e+02 1.177392667159438133e-03
8.220000000000000000e+02 2.454153727740049362e-03
8.230000000000000000e+02 -2.294870326295495033e-03
8.240000000000000000e+02 -1.369536854326725006e-03
8.250000000000000000e+02 -7.647871389053761959e-04
8.260000000000000000e+02 -8.445468847639858723e-05
8.270000000000000000e+02 6.746620638296008110e-04
8.280000000000000000e+02 5.026222206652164459e-04
8.290000000000000000e+02 5.856730858795344830e-04
8.300000000000000000e+02 -5.096712848171591759e-04
8.310000000000000000e+02 4.119670193176716566e-04
8.320000000000000000e+02 -3.498993755783885717e-04
8.330000000000000000e+02 1.166747999377548695e-03
8.340000000000000000e+02 -1.337203957518795505e-05
8.350000000000000000e+02 1.914795255288481712e-03
8.360000000000000000e+02 9.745011921040713787e-04
8.370000000000000000e+02 1.415166480001062155e-05
8.380000000000000000e+02 -2.134390815626829863e-04
8.390000000000000000e+02 -2.405186416581273079e-03
8.400000000000000000e+02 -3.732133482117205858e-04
8.410000000000000000e+02 -2.769149839878082275e-03
8.420000000000000000e+02 8.603447931818664074e-04
8.430000000000000000e+02 2.488569007255136967e-04
8.440000000000000000e+02 -5.558522534556686878e-04
8.450000000000000000e+02 1.837768359109759331e-03
8.460000000000000000e+02 1.872478052973747253e-03
8.470000000000000000e+02 -8.574603707529604435e-04
8.480000000000000000e+02 1.556321163661777973e-03
8.490000000000000000e+02 2.242991235107183456e-03
8.500000000000000000e+02 1.196335360873490572e-04
8.510000000000000000e+02 1.477899611927568913e-03
8.520000000000000000e+02 -5.089021869935095310e-04
8.530000000000000000e+02 -1.559076481498777866e-04
8.540000000000000000e+02 -1.308298124058637768e-05
8.550000000000000000e+02 -4.320662410464137793e-04
8.560000000000000000e+02 -1.250498025910928845e-04
8.570000000000000000e+02 3.237315831938758492e-05
8.580000000000000000e+02 1.090285135433077812e-03
8.590000000000000000e+02 -1.748827868141233921e-03
8.600000000000000000e+02 2.222238807007670403e-03
8.610000000000000000e+02 1.840246695792302489e-04
8.620000000000000000e+02 -3.600919852033257484e-03
8.630000000000000000e+02 -1.581100281327962875e-03
8.640000000000000000e+02 -1.405400340445339680e-03
8.650000000000000000e+02 1.057815039530396461e-03
8.660000000000000000e+02 1.159479143097996712e-03
8.670000000000000000e+02 1.031334861181676388e-03
8.680000000000000000e+02 -2.431783941574394703e-04
8.690000000000000000e+02 1.270407345145940781e-03
8.700000000000000000e+02 -1.846438390202820301e-03
8.710000000000000000e+02 9.153237333521246910e-04
8.720000000000000000e+02 4.400180187076330185e-04
8.730000000000000000e+02 -2.048201567959040403e-04
8.740000000000000000e+02 -1.169603434391319752e-03
8.750000000000000000e+02 -2.298557592439465225e-05
8.760000000000000000e+02 -6.560426554642617702e-04
8.770000000000000000e+02 -2.786946250125765800e-03
8.780000000000000000e+02 -2.132325898855924606e-03
8.790000000000000000e+02 -2.739072078838944435e-04
8.800000000000000000e+02 9.218909544870257378e-04
8.810000000000000000e+02 7.418165332637727261e-04
8.820000000000000000e+02 -9.247490088455379009e-04
8.830000000000000000e+02 -2.593651413917541504e-03
8.840000000000000000e+02 -6.632788572460412979e-04
8.850000000000000000e+02 1.234234776347875595e-03
8.860000000000000000e+02 -2.172254316974431276e-04
8.870000000000000000e+02 3.377600223757326603e-04
8.880000000000000000e+02 4.528443605522625148e-05
8.890000000000000000e+02 -3.000083088409155607e-04
8.900000000000000000e+02 -2.075819764286279678e-03
8.910000000000000000e+02 9.177995962090790272e-04
8.920000000000000000e+02 -7.755418773740530014e-04
8.930000000000000000e+02 -1.935150823555886745e-03
8.940000000000000000e+02 -1.608678867341950536e-04
8.950000000000000000e+02 -1.937100605573505163e-04
8.960000000000000000e+02 -1.872884458862245083e-03
8.970000000000000000e+02 -7.139662629924714565e-04
8.980000000000000000e+02 -1.595218665897846222e-03
8.990000000000000000e+02 1.278275623917579651e-03
9.000000000000000000e+02 7.051447755657136440e-04
9.010000000000000000e+02 -7.871449342928826809e-04
9.020000000000000000e+02 -2.308515977347269654e-04
9.030000000000000000e+02 -2.462687436491250992e-03
9.040000000000000000e+02 8.027856820262968540e-04
9.050000000000000000e+02 1.278477255254983902e-03
9.060000000000000000e+02 2.605268964543938637e-03
9.070000000000000000e+02 -1.004903810098767281e-03
9.080000000000000000e+02 -1.471429131925106049e-03
9.090000000000000000e+02 -1.295888912864029408e-03
9.100000000000000000e+02 8.580021676607429981e-04
9.110000000000000000e+02 -4.212041385471820831e-04
9.120000000000000000e+02 -1.487973728217184544e-03
9.130000000000000000e+02 8.721933409105986357e-05
9.140000000000000000e+02 6.024048161634709686e-06
9.150000000000000000e+02 3.211815841495990753e-03
9.160000000000000000e+02 -8.666105568408966064e-04
9.170000000000000000e+02 3.576944072847254574e-05
9.180000000000000000e+02 -1.219023833982646465e-03
9.190000000000000000e+02 -1.919673639349639416e-03
9.200000000000000000e+02 1.822969410568475723e-03
9.210000000000000000e+02 5.005146958865225315e-04
9.220000000000000000e+02 -1.197468023747205734e-03
9.230000000000000000e+02 2.277674153447151184e-03
9.240000000000000000e+02 2.446545695420354605e-04
9.250000000000000000e+02 6.753927445970475674e-04
9.260000000000000000e+02 -3.940683964174240828e-04
9.270000000000000000e+02 -3.074337728321552277e-03
9.280000000000000000e+02 -2.499846275895833969e-03
9.290000000000000000e+02 -1.112408717744983733e-04
9.300000000000000000e+02 1.915678498335182667e-03
9.310000000000000000e+02 -2.164699253626167774e-04
9.320000000000000000e+02 1.512326882220804691e-03
9.330000000000000000e+02 -2.104944782331585884e-03
9.340000000000000000e+02 3.242953653170843609e-06
9.350000000000000000e+02 -1.006901962682604790e-03
9.360000000000000000e+02 -2.232945756986737251e-03
9.370000000000000000e+02 -5.160903674550354481e-04
9.380000000000000000e+02 1.977013424038887024e-03
9.390000000000000000e+02 -1.382791087962687016e-03
9.400000000000000000e+02 -2.612457377836108208e-03
9.410000000000000000e+02 -1.513981842435896397e-03
9.420000000000000000e+02 1.799920108169317245e-03
9.430000000000000000e+02 1.701975706964731216e-03
9.440000000000000000e+02 -9.877170668914914131e-04
9.450000000000000000e+02 9.463051683269441128e-04
9.460000000000000000e+02 -1.302787219174206257e-03
9.470000000000000000e+02 -1.957588130608201027e-03
9.480000000000000000e+02 -2.608337490528356284e-05
9.490000000000000000e+02 -3.972425765823572874e-04
9.500000000000000000e+02 3.581500204745680094e-04
9.510000000000000000e+02 -2.188761485740542412e-03
9.520000000000000000e+02 8.988486952148377895e-04
9.530000000000000000e+02 2.313750796020030975e-03
9.540000000000000000e+02 1.113296137191355228e-03
9.550000000000000000e+02 5.609366926364600658e-04
9.560000000000000000e+02 1.278425450436770916e-03
9.570000000000000000e+02 -4.082827828824520111e-03
9.580000000000000000e+02 1.627187593840062618e-03
9.590000000000000000e+02 1.970676938071846962e-03
9.600000000000000000e+02 4.823065537493675947e-04
9.610000000000000000e+02 7.176911458373069763e-05
9.620000000000000000e+02 -3.521552571328356862e-05
9.630000000000000000e+02 -7.888497202657163143e-05
9.640000000000000000e+02 -1.372356899082660675e-03
9.650000000000000000e+02 1.501399790868163109e-03
9.660000000000000000e+02 -3.391837526578456163e-04
9.670000000000000000e+02 -9.643643279559910297e-04
9.680000000000000000e+02 3.390054451301693916e-03
9.690000000000000000e+02 -5.308622494339942932e-04
9.700000000000000000e+02 7.986486307345330715e-04
9.710000000000000000e+02 -7.982963870745152235e-05
9.720000000000000000e+02 1.908600796014070511e-03
9.730000000000000000e+02 1.025990583002567291e-03
9.740000000000000000e+02 -7.649464532732963562e-04
9.750000000000000000e+02 9.454726823605597019e-04
9.760000000000000000e+02 -4.872084537055343390e-05
9.770000000000000000e+02 1.157040387624874711e-04
9.780000000000000000e+02 -1.510951551608741283e-03
9.790000000000000000e+02 -1.793498522602021694e-03
9.800000000000000000e+02 -4.469960927963256836e-03
9.810000000000000000e+02 2.178350987378507853e-04
9.820000000000000000e+02 -8.901047403924167156e-04
9.830000000000000000e+02 -9.834242518991231918e-04
9.840000000000000000e+02 9.579892503097653389e-05
9.850000000000000000e+02 -1.787637593224644661e-03
9.860000000000000000e+02 -4.622518026735633612e-04
9.870000000000000000e+02 -1.996866893023252487e-03
9.880000000000000000e+02 1.597219612449407578e-03
9.890000000000000000e+02 -2.985733794048428535e-03
9.900000000000000000e+02 -2.442007651552557945e-03
9.910000000000000000e+02 5.819691577926278114e-04
9.920000000000000000e+02 5.057771923020482063e-04
9.930000000000000000e+02 -3.153190482407808304e-04
9.940000000000000000e+02 2.690150868147611618e-04
9.950000000000000000e+02 1.146542999777011573e-04
9.960000000000000000e+02 -1.523871615063399076e-04
9.970000000000000000e+02 3.523843042785301805e-05
9.980000000000000000e+02 2.076040254905819893e-03
9.990000000000000000e+02 -2.200072864070534706e-03
1.000000000000000000e+03 1.578920520842075348e-03
1.001000000000000000e+03 -4.192963242530822754e-04
1.002000000000000000e+03 -1.848691317718476057e-04
1.003000000000000000e+03 1.642118906602263451e-03
1.004000000000000000e+03 -3.210627939552068710e-03
1.005000000000000000e+03 -3.497862024232745171e-03
1.006000000000000000e+03 -2.806917764246463776e-03
1.007000000000000000e+03 -6.998843164183199406e-04
1.008000000000000000e+03 1.548601780086755753e-03
1.009000000000000000e+03 3.914202388841658831e-04
1.010000000000000000e+03 9.662720258347690105e-04
1.011000000000000000e+03 -1.373171224258840084e-03
1.012000000000000000e+03 -2.586936170700937510e-04
1.013000000000000000e+03 -2.800437854602932930e-03
1.014000000000000000e+03 -3.429424541536718607e-04
1.015000000000000000e+03 2.262627007439732552e-03
1.016000000000000000e+03 2.292004413902759552e-03
1.017000000000000000e+03 -5.083737196400761604e-04
1.018000000000000000e+03 -6.090120295993983746e-04
1.019000000000000000e+03 -5.132120568305253983e-04
1.020000000000000000e+03 -1.245707971975207329e-03
1.021000000000000000e+03 3.096576780080795288e-03
1.022000000000000000e+03 -1.871483866125345230e-03
1.023000000000000000e+03 -1.753090298734605312e-03

