0.69374767047
2.314130829094102
0.2569264575329
0.63233580002
0.92627590497
0.8329113287435861
0.7380624426
0.9960234522737444
0.08315730500501595
0.807564614019424
4.301872100793386
0.68854151164
0.32588301613
0.463473741703
0.13696161051365074
1.464664549333674
2.74664729014
0.8327416126877758
0.06571592849324429
0.6305512595685335
1.0639062825258458
1.0773327013
0.5488798191549455
0.44770847319884904
0.336620230291
1.3646787672817526
2.59702715738
1.2260055725983963
0.19703009803142257
0.5452541866069086
0.5121944487308313
0.7571189450307722
2.1613084945519363
0.4504483308562931
0.479163971291
0.4380141493906399
0.5489392232937018
0.0457818168729515
0.320422711526
0.80013207321
2.49701169613
1.88347965849
0.6385654815170677
0.69125141818
0.07654134872198645
0.322061827468
0.3202708224090367
0.263211634568
0.2416421756731351
0.67453190906
0.6892236013587903
0.9757368267423994
0.64274275093
0.157284525096
1.81756503106
0.20051133
1.245856132913541
0.050569703022172514
1.286014595
0.70895418575
0.82783808575
0.0436426389
2.261364513
0.39596916954318157
0.945844752002
0.27032946262
0.613759600022
0.346522567131
1.241421391299
0.680574832268
1.2444185961512455
0.11097894321598467
0.28780002195857757
0.2370994416922568
3.2532108384
1.98459736713
0.9039133565108369
1.23485362778
0.924053918109
1.22475441462
0.183156898795
0.563294925255
0.034428978177458644
0.485268383925
1.21409049248
0.42431140318340005
3.4423084877
0.251658714180918
0.5101603448262563
1.7962497011679064
4.8628739612
0.320366370454313
0.022699378599623916
2.773460770066061
6.827692802169157
0.37492073594421266
0.16676229157216363
0.21483850578191938
2.79102517845
0.40770052440883003
1.09545215761
0.9152158036117475
0.6822651758059591
0.5712565591549804
2.19198689593
0.52664353143
0.86634928471
0.64516119106
0.7637418483
2.161258926939
1.2381295438681763
0.1248366735581017
1.07356658405
0.5454455601017385
1.848918803654907
0.5414043736269504
0.08932838502359318
0.73843560627
0.7516254225473826
0.3085806621443
0.7206137724909311
0.6443536202886856
0.2089556931527
1.1160984088254433
0.367953256307
1.2330326022909877
1.2675357027556968
0.9625106105636911
0.3267862212473276
0.4419951307864631
0.6603133715
0.9651732949703319
0.5495536788056365
0.9882805974
0.34630115294443453
0.340854176542
0.25355772532977777
0.40162562344216124
0.1067690369960911
1.362890350697429
1.526085076
1.216975723
0.746338052448296
0.7395054700038848
0.7618892360533487
1.80706867799
1.93162674308
4.392158712729238
0.57040923643
1.4447771408195214
0.08754520430799902
0.65855761432
0.6643886813760521
0.8081643714147704
0.5702641245618781
0.3315855987755
0.64001572416
1.3738151214
0.8621220105913701
0.670085873648983
0.2556770984252
1.4366308535254497
1.6611767402276296
7.733640264889151
0.3070742192346082
0.835797468
2.517945020504389
0.7695858669476606
1.8046949457679968
1.23830534423
0.0914032309
2.4076223113451127
1.1505904284171227
0.579576736318
0.5103694028800376
0.53350188629
0.02885155795131
0.661992094032
1.3863680745875944
0.326271446035
0.3303280523312809
0.1984514505627
0.12372534335125973
1.23130477663
0.3838304235316973
0.44863544246
2.9193969868
0.026309676982433597
0.628305878552
0.19711468957450884
1.3474037757113553
1.1850026197912604
0.2809053015394
0.35111186198
0.2527733234178088
1.5165309654
0.8204876424180775
1.3108940203042145
0.86794888009
0.943157882843
2.2805971963
0.244838478401
0.232976432603
0.579418751784264
0.2563527993088
0.325633290107
0.36471324916608333
1.18930900495
0.538431789013
0.29146780076860695
0.3938988148377834
0.675646047064
0.68535848563
0.27337450864355883
3.559937231991271
1.7898294664496943
0.37656956576
0.28201171065
0.04358922706284
0.66748553354
0.5250742392
0.45280309753690035
0.3088608620097
1.7698278463853214
0.27976786865341124
4.237010216448514
0.90982270118
0.6364141368
1.0811635266
0.21647979787011593
1.018452868182
0.626323941978
6.1930040852
0.87723907778
1.872994377
0.569242225079
0.294759771191
2.11097411794
1.3019225299692834
0.51224209318
3.42532370680272
0.275207111323
0.32705773823
0.2554963274098
0.184502203069
0.6173076699954868
0.6633301151702541
0.6638296477
0.04776250754158053
1.05883304424
0.4475177112318076
0.7281543942054414
0.8492425970196725
2.4374324960894365
2.6421985132
0.45848840672
0.27973768328216575
0.53269880337
1.4787213559
0.6481166471
0.6504344906472496
0.345602948594
0.1077182159234
0.4781454828
1.2575114925970665
0.1370546579332
0.37862206628
0.2996251068
0.29569970634618814
0.6443045081669496
0.507379566696
0.1661083275067481
0.8428053217935702
1.380182295
1.306197812
2.4367954315909017
0.5285907792
0.2787294436271
0.394945790784
4.6301880619
0.794882546
1.0968060034
0.935772204694025
0.03411713084786256
0.333410710172
0.7703748458743364
0.35326292024
0.586485556229
0.570292409826179
0.49151880358
0.7854433453623382
2.0349894792
1.07212121207
0.4729963772025263
0.02863488819045455
0.45960672390058893
1.1758400229
0.7320612647
2.7602279448029736
0.17948680442303885
0.045248772998032434
0.26337690718181694
1.7483075052319141
1.4986374368
0.4640368139284
1.752508063758967
0.5355043977897375
0.026744423767002628
3.31400150122
0.41298519981
0.840738545
0.286758499837462
0.35565630109756796
0.08892486294263222
0.9438712975
0.20038394640312862
1.046117156733
0.45484033257145107
0.296279212139
0.14879746784564993
0.650836871901
0.88661249686
0.7949966745699
0.499195890475
0.214924800284
1.3896046876
0.39535448157334124
1.5048345580049638
0.078218548881
0.3551560369998
2.417605394365937
0.06082223035146
0.52655613914
0.8222487311
0.27895841492396983
0.356849312855
0.08420606405173385
0.4438246083
1.2214259588
1.3688822425450322
0.2896888952
0.432866133845
0.46840160422
0.307177662775
1.31975904174
0.881438431123562
0.30131077523
1.52812410566
3.4493849533157874
0.2767261372601285
1.90849449143
0.34121281180579016
0.506568335296
1.27284159978
0.24339515084566335
1.63084630957
0.5992480028781958
1.7838649876987605
0.48412980319437554
0.17855387294898442
1.576924632943
0.6471977466557735
0.14565471947
0.602738077704
0.2883549019075376
0.497772394
0.674060361
0.198838604297
0.1252295584025
0.97540989108
0.5325777412091406
0.518109779800833
0.329186857758
1.1223416862753752
0.2570560976508
0.19445589391970322
1.2476661740144739
0.288479334214096
0.8642862082841154
0.28307132309216326
0.7783131927918391
0.141908588964
0.83922081265
0.8838904540050438
0.5274658742113556
0.3274185215590687
0.341402932218
0.658013412500465
0.298116357616
1.55791724762
0.2496089548385271
1.0183927463615343
0.18249480209038968
0.35455031664636466
0.4266459810253
0.92383371069
0.61552045802
0.382376721657813
0.46410631422
0.407292274238
2.477567873840917
0.79152571562
0.49138412183
3.42846630955
0.20355287786
1.1563602878201713
0.7314627228
0.4576814710404071
0.02362344473939201
0.5030150056
1.276445819515507
0.7257321554038777
0.39576302203831243
0.23316407638971737
2.3552781933
0.45086776633
0.3524642132
0.35423394051
2.988192686
0.526364586499
1.912419751292923
0.67768391249
0.71763732795
0.93555704483
0.22420119106
1.17938703902
0.52912125685
0.51045375561
0.11877334618700361
0.340502709437
1.091008429855
4.817735829996004
1.7856133049039522
0.719454779443
0.58376499689
0.61357070436
1.7495517460975152
0.9733936918720266
0.6350581748927667
0.8905365102003809
1.75531107981
0.305447058241
1.7037391378577924
0.7918224418732214
0.542935874228
0.4168737700888978
0.640958200231717
0.8173116024533176
1.3583070105262602
0.2913414710251
0.8043410792711806
1.2117850946469777
1.3964049836835726
0.230708491737
0.3063230254
0.2989874273426425
0.2554267757078127
0.22256110261
0.808546089
0.3619213249276
0.6921156959988298
1.1910239966
0.6530539712555028
0.10245924592944797
0.954158007
0.8688042490259439
0.10261828834718216
0.8992327348135307
0.255359660118
0.696278743075
1.26021405926
0.321793346869
0.453992694395
1.61566378034
1.5656011480232308
0.87426457245
0.6204483653468403
1.0040374566964214
0.40403975128
0.4771579477894289
0.236179743432018
0.6250339127
1.3091087872611495
0.239919487227
1.2577876250977178
1.2930999462602275
0.0270831832440066
0.0662928992668
0.8298287852354905
0.4837699980472797
0.19654315496481217
0.6279806844
0.8716828329861209
0.33759499958440387
1.011233535
0.839394324968405
0.6125237399914504
0.7828869765
0.4193349661853239
2.6422234390449013
0.5028027829
0.397584746441
1.9788474316296447
0.34959099098249385
0.7684989454804679
0.234169035616
1.215697613611
1.81846119286
0.3228864773811295
0.11437172844730296
0.34177247679941797
0.154087174313
0.6068866242543225
2.043082458401475
3.90450636119
0.4137001208367996
0.8929586697783418
0.5122123551296487
0.412401047219
0.44464510677348185
0.4053369485920761
2.414652314520231
0.3061669878595
1.757205868816
1.68350668862
1.066060871282537
0.172444360995
0.3556658488
1.045406855598
0.367433724862635
0.6983528638
3.46503778264
1.5787928888
0.09881397648246944
0.3941333466126277
0.445822307
0.30757675186
1.3323097198
0.68401360292
0.7423536034382896
0.5625576355342506
0.0629548889724542
0.0951378086771
1.3204904144
0.3616905958208222
0.39270389339883444
0.190709642575
0.7337444387100474
0.2619546783248513
0.7440009397588363
0.02846158902599829
0.179354019096
0.2341057912524572
0.7667063862130211
0.17601634721733
2.5122628118
0.46098153613364673
0.5744002678086281
1.0789549468829083
0.3733921256520739
0.78318548958
1.0819104982769683
1.385603623102647
0.554261603931
1.68057296916
0.3344154265054539
0.633411983159
0.454650713078
0.4283409894
0.484286459778
0.5226183857754686
0.464300493199
0.16372737166367285
0.8760442866771196
2.4578817775848205
0.364912241765
0.7449764016
0.08275526970551679
5.540742829324981
0.860387839
0.26104978958605507
0.92494482303
0.41581294140194325
1.4327041968
0.7939028020345199
0.236983307439
0.58747677594
0.3364246764
1.01421948495
1.377868495626031
0.2176426911443729
0.5928851906252041
0.2179228818474
0.38701939745435454
0.38448678392
1.060363543971
1.5156959926290585
4.263213477392262
0.3373207957912118
0.03378133193189
0.4141110498431774
0.90231562918
1.78703680542
0.591417585722212
0.49907553362
0.834839272621
1.874268518251891
0.456511944952
0.75977746436294
0.28405434496681903
2.499469846086615
0.223728519703
1.1617431097148179
1.5058745516940706
0.223320267185
0.7690209983270947
1.9258717727
0.770620171033
1.5282950805836577
0.741639520385
0.19914739705267007
0.04100982358117
0.152511958009
0.4050731348389237
0.5339177330963012
0.06188365001063282
1.8894355004
0.3295319224881146
0.358306049291
1.4656557713318956
0.3795361060144529
0.3024495840703481
0.16591763483912988
0.17875635177314395
0.47351252978296055
1.96353198352
0.6170366955405528
0.618357697387
0.5491606020001913
0.48824200896
2.67568226451
0.48491367907688493
1.9114280225111764
0.7974780753035112
6.597562522421646
0.029772775333215356
0.20406811505618022
0.3536025329
3.0882557929477428
0.23332620667927467
0.47160357893
1.8399447011854722
0.5266822415746949
1.25546857429
3.4065386707
0.8803343217032104
0.9910266163950838
1.4216537840889387
2.618918467260495
0.43437287978367667
0.861379642641
4.8788385261
0.5978087541476929
0.25924664288
0.32866472679
0.5376237325510022
0.6594320505300005
1.3122184380054083
0.4143833544
0.29776954730684724
4.308189598568733
0.761194081654673
0.42112580396
0.668407828782389
0.9533841881748211
1.451319471078245
0.2846974724976681
0.524156765381103
0.33633713161997586
0.2755775995829073
0.12640033324309044
1.048132105087
4.5578200962
0.54402080981
1.1465948471179677
3.4531211813
0.34540115992
0.26743960987248194
2.1707012972
0.37048341742864865
0.3569289980219591
3.6872190477
0.551058591
0.933971582308
1.393729135204375
0.38519409486189965
1.83233207264119
1.423889144409
0.6122092044382964
1.2791931935
1.2996934494707475
0.8320019489218338
1.830857453
0.3557251865693686
1.7819277623429401
1.95685759005
0.7465773564335665
0.4878126283
1.5246721059905737
0.786813538431
0.3571548202604058
0.65118538418
0.3014587740785948
0.4318893087444903
0.88732464056
0.43808945697
0.0710948973807
1.8565697165
0.37938716196652666
0.7508081223803229
1.541412044233
1.72681020359
0.39758968304
0.10663274626573079
1.52704227084
0.63223532885
0.212352673319
3.174831829
0.377578026
0.741761952452
0.448945466859
0.9961077952
0.54245109601
2.7124228384
1.3606029279810914
0.557609247999215
0.46040581878
0.409349485862
2.232969028273125
1.61612987171
1.25718110369
0.16324578577507298
1.24196459936
0.035908612798265856
0.9233913866506538
0.5214727140816718
0.851078948902
0.693811205741845
0.60099749634
0.31730623323192303
1.54270444942
2.05831378861
0.05903000321781323
1.24861696429
2.129665364024
1.1810232972981713
0.37088299877
0.798692542358
1.60398355528
2.081343459724
0.6515120940705694
0.5098858204508795
1.037824001161
0.21064841210281343
0.562302288458
0.93644800775
0.76068138902
0.7942538795222012
0.547209201831
1.149269371026972
0.318062050971
0.308305907254
0.5798228149709086
1.6088163026974274
4.86428379983
0.298313497249
1.431066414236
1.01073895346
0.0687304058253
2.3657140252464677
0.8669266713902399
0.723598503258
0.81421524225
0.18552016047926
0.314355396469
0.5936613597806604
1.8643318674855427
0.04183128819907822
0.5714205288348301
0.437454407217
0.928323751417
0.02150723378644
0.230984425819
1.9397581801031183
0.080118133455
0.96733836953
1.39072342303
1.6574287833573396
0.1661155731566
0.883331781241
0.022258801226037964
0.6453024693886714
0.466962555351
0.9784681384412038
0.217317451828
0.9053938883
0.5590840992292493
0.40285790887542816
0.69626221476
1.3532909546245304
0.27513272356169727
0.9724288509135829
1.9968990135
0.8411577743410036
4.756796379379277
1.33444985809
0.4350602546
0.491865489484
0.959447931541423
1.48074382424
0.157508542541
0.5283521633015
1.3193733853
0.9576166302906218
5.0940830275
0.18192759882171755
0.8518902768
1.33396499366
1.01100245325
2.09944017034
0.1934045707829
0.931210094606
0.352933478726
0.303910924347
0.30768286519780486
1.344724016036617
0.27649748362
0.6967605101537256
0.9050668203089066
0.66587861963
0.16369523645
0.580871337030867
0.024497388545933394
0.60820531457
0.54400187061
0.276027693446
0.580187269001
2.3032990816
0.398173021652
0.14324646628873475
1.28171902379
0.6187150841856833
1.4245682151528811
1.5772890848874963
0.03168184275729975
0.4459445573850318
0.2839009641977
1.9615723036126127
1.2210199817719738
0.3413364057236207
2.3048788376625415
1.4231018383
3.9538529596
4.06075481158728
0.1388680725891097
0.32577128742
1.6874182953084411
1.22723540015
0.2673223183349886
8.509827491
0.593533613
1.3433614881
1.03000211203956
1.373654387
0.08470261549132646
0.322673549948
0.41910226464
1.0568443686322069
1.8929818035316528
0.596799464458
12.122564931278209
0.535828895432
1.94478897277861
3.7594914873614753
2.3474883631250436
0.8687351150250493
1.6436221853269488
0.756899382059
0.11871025069021034
1.1814633829674592
1.8409859072